[gd_scene load_steps=68 format=4 uid="uid://jw44obv1gywc"]

[ext_resource type="Script" uid="uid://jugyhndhuete" path="res://addons/road-generator/nodes/road_manager.gd" id="1_cw7kw"]
[ext_resource type="Script" uid="uid://dvqqnsa3y4om3" path="res://addons/road-generator/nodes/road_container.gd" id="2_tcykm"]
[ext_resource type="Material" uid="uid://dq2molbirnpgx" path="res://addons/road-generator/resources/road_texture.material" id="3_jhki6"]
[ext_resource type="Script" uid="uid://cuanfykdpm1ac" path="res://addons/road-generator/nodes/road_point.gd" id="4_6qxac"]
[ext_resource type="PackedScene" uid="uid://blks74w3i1ac0" path="res://Character/character_body_3d.tscn" id="6_cw7kw"]
[ext_resource type="Script" uid="uid://i5jcj7ukvoen" path="res://addons/terrabrush/TerraBrush.cs" id="7_5hdqt"]
[ext_resource type="Texture2D" uid="uid://d1mc581y1oyp3" path="res://textures/Grass_001_SD-20250404T002351Z-001/Grass_001_SD/Grass_001_COLOR.jpg" id="8_4f7s6"]
[ext_resource type="Texture2D" uid="uid://rpgiqdfqg7xx" path="res://Node3D/Heightmap_0_0.res" id="8_qjkp2"]
[ext_resource type="Script" uid="uid://d2qebwt0ednya" path="res://addons/terrabrush/Scripts/EditorResources/ZoneResource.cs" id="9_6g3lt"]
[ext_resource type="Texture2D" uid="uid://cbukcrb2krf8m" path="res://textures/Grass_001_SD-20250404T002351Z-001/Grass_001_SD/Grass_001_DISP.png" id="9_c7hnv"]
[ext_resource type="Script" uid="uid://nt172hqpx1j5" path="res://addons/terrabrush/Scripts/EditorResources/ZonesResource.cs" id="10_loule"]
[ext_resource type="Texture2D" uid="uid://rtg8aldkvfhv" path="res://textures/Grass_001_SD-20250404T002351Z-001/Grass_001_SD/Grass_001_NORM.jpg" id="10_o17bp"]
[ext_resource type="Texture2D" uid="uid://cuxlbx01pq6py" path="res://textures/Grass_001_SD-20250404T002351Z-001/Grass_001_SD/Grass_001_ROUGH.jpg" id="11_fvc32"]
[ext_resource type="Script" uid="uid://c2l8t4xcdxwvu" path="res://addons/terrabrush/Scripts/EditorResources/TextureSetResource.cs" id="12_isvx1"]
[ext_resource type="Texture2D" uid="uid://88ebw8bttcj1" path="res://textures/Stylized_Stone_Floor_010_SD/Stylized_Stone_Floor_010_basecolor.png" id="13_w7hgd"]
[ext_resource type="Texture2D" uid="uid://c1sxusfw3opw4" path="res://textures/Stylized_Stone_Floor_010_SD/Stylized_Stone_Floor_010_height.png" id="14_nm7l1"]
[ext_resource type="Texture2D" uid="uid://dn4ycjavpq4tl" path="res://textures/Stylized_Stone_Floor_010_SD/Stylized_Stone_Floor_010_normal.png" id="15_xwdsa"]
[ext_resource type="Texture2D" uid="uid://ctpo7k1vlbvii" path="res://textures/Stylized_Stone_Floor_010_SD/Stylized_Stone_Floor_010_roughness.png" id="16_ybj08"]
[ext_resource type="Texture2D" uid="uid://crdhnsbvaefpb" path="res://textures/Concrete_Muddy_001_SD-20250402T100917Z-001/Concrete_Muddy_001_SD/Concrete_Muddy_001_BaseColor.jpg" id="17_75alk"]
[ext_resource type="Texture2D" uid="uid://ck3utu6j867wh" path="res://textures/Concrete_Muddy_001_SD-20250402T100917Z-001/Concrete_Muddy_001_SD/Concrete_Muddy_001_Height.png" id="18_7bgaj"]
[ext_resource type="Texture2D" uid="uid://dhqh1tkfmuli6" path="res://textures/Concrete_Muddy_001_SD-20250402T100917Z-001/Concrete_Muddy_001_SD/Concrete_Muddy_001_Normal.jpg" id="19_xk5d1"]
[ext_resource type="Texture2D" uid="uid://7drb67n58o55" path="res://textures/Concrete_Muddy_001_SD-20250402T100917Z-001/Concrete_Muddy_001_SD/Concrete_Muddy_001_Roughness.jpg" id="20_ehshy"]
[ext_resource type="Texture2D" uid="uid://87cdh4x8rx73" path="res://textures/Stylized_Grass_003_SD-20250404T011825Z-001/Stylized_Grass_003_SD/Stylized_Grass_003_basecolor.jpg" id="21_isvx1"]
[ext_resource type="Script" uid="uid://043vjblb04jf" path="res://addons/terrabrush/Scripts/EditorResources/TextureSetsResource.cs" id="21_ttva1"]
[ext_resource type="Texture2D" uid="uid://dc5pvor65jvg5" path="res://textures/Stylized_Grass_003_SD-20250404T011825Z-001/Stylized_Grass_003_SD/Stylized_Grass_003_height.png" id="22_w7hgd"]
[ext_resource type="Texture2D" uid="uid://v2xtlroe2hpn" path="res://textures/Stylized_Grass_003_SD-20250404T011825Z-001/Stylized_Grass_003_SD/Stylized_Grass_003_normal.jpg" id="23_nm7l1"]
[ext_resource type="Texture2D" uid="uid://ce1kli44mcs1r" path="res://Node3D/Splatmap_0_0_0.res" id="23_p3wo3"]
[ext_resource type="Texture2D" uid="uid://ckml011lrrvr8" path="res://textures/Stylized_Grass_003_SD-20250404T011825Z-001/Stylized_Grass_003_SD/Stylized_Grass_003_roughness.jpg" id="24_xwdsa"]
[ext_resource type="Texture2D" uid="uid://boejqhme0nm15" path="res://textures/Asphalt_005_SD/Asphalt_005_COLOR.jpg" id="24_ybj08"]
[ext_resource type="Texture2D" uid="uid://bpduaku2nkbgs" path="res://textures/Asphalt_005_SD/Asphalt_005_DISP.png" id="25_75alk"]
[ext_resource type="Texture2D" uid="uid://wduumf23y1qv" path="res://textures/Asphalt_005_SD/Asphalt_005_NORM.jpg" id="26_7bgaj"]
[ext_resource type="Texture2D" uid="uid://qs7dap653xpr" path="res://textures/Asphalt_005_SD/Asphalt_005_ROUGH.jpg" id="27_xk5d1"]
[ext_resource type="Texture2D" uid="uid://btaxrcvtv2c58" path="res://Node3D/Splatmap_0_0_1.res" id="31_ehshy"]
[ext_resource type="PackedScene" uid="uid://rnaejgj71hfd" path="res://Crowell.tscn" id="35_xk5d1"]
[ext_resource type="PackedScene" uid="uid://x21c0iu8l10l" path="res://Chase.tscn" id="36_xk5d1"]
[ext_resource type="PackedScene" uid="uid://dny0y3uljpdj5" path="res://Eaton.tscn" id="37_ehshy"]
[ext_resource type="PackedScene" uid="uid://cq6ee22hjya76" path="res://materials/dining_hall.tscn" id="38_ttva1"]
[ext_resource type="ArrayMesh" uid="uid://b7rrycb7pglms" path="res://OBJ format/door-rotate.obj" id="39_qvu4i"]
[ext_resource type="PackedScene" uid="uid://cb8agtxgf2evh" path="res://whitman.tscn" id="40_ivn4s"]
[ext_resource type="PackedScene" uid="uid://d2egujvpku5bl" path="res://Rhodes.tscn" id="41_6hsm5"]
[ext_resource type="ArrayMesh" uid="uid://b85kl0w0v4lro" path="res://remainBuild.obj" id="42_6hsm5"]
[ext_resource type="Material" uid="uid://da206qmsgdrof" path="res://materials/brick.tres" id="43_beceq"]
[ext_resource type="Material" uid="uid://dv3m0sewkvwlp" path="res://materials/dark-in.tres" id="44_kct2w"]
[ext_resource type="PackedScene" uid="uid://085o8fc4oq2h" path="res://coin.tscn" id="45_kct2w"]
[ext_resource type="PackedScene" uid="uid://cmcmgk660gt06" path="res://hud.tscn" id="46_di8gl"]
[ext_resource type="PackedScene" uid="uid://be0g8m0avher6" path="res://materials/convocation.tscn" id="46_rfdrq"]

[sub_resource type="ProceduralSkyMaterial" id="ProceduralSkyMaterial_loule"]
sky_horizon_color = Color(0.662243, 0.671743, 0.686743, 1)
ground_horizon_color = Color(0.662243, 0.671743, 0.686743, 1)

[sub_resource type="Sky" id="Sky_lsrt0"]
sky_material = SubResource("ProceduralSkyMaterial_loule")

[sub_resource type="Environment" id="Environment_dm0nm"]
background_mode = 2
sky = SubResource("Sky_lsrt0")
tonemap_mode = 2
glow_enabled = true

[sub_resource type="StandardMaterial3D" id="StandardMaterial3D_tcykm"]
albedo_color = Color(0.0588235, 0.0705882, 0.0901961, 1)

[sub_resource type="StandardMaterial3D" id="StandardMaterial3D_ybj08"]
albedo_color = Color(0.0588235, 0.0705882, 0.0901961, 1)

[sub_resource type="StandardMaterial3D" id="StandardMaterial3D_jhki6"]
albedo_color = Color(0.0588235, 0.0705882, 0.0901961, 1)

[sub_resource type="StandardMaterial3D" id="StandardMaterial3D_75alk"]
albedo_color = Color(0.0588235, 0.0705882, 0.0901961, 1)

[sub_resource type="StandardMaterial3D" id="StandardMaterial3D_6qxac"]
albedo_color = Color(0.0588235, 0.0705882, 0.0901961, 1)

[sub_resource type="StandardMaterial3D" id="StandardMaterial3D_7bgaj"]
albedo_color = Color(0.0588235, 0.0705882, 0.0901961, 1)

[sub_resource type="StandardMaterial3D" id="StandardMaterial3D_xk5d1"]
albedo_color = Color(0.0588235, 0.0705882, 0.0901961, 1)

[sub_resource type="ArrayMesh" id="ArrayMesh_5hdqt"]
_surfaces = [{
"aabb": AABB(-0.49995, 0, -0.49995, 0.9999, 0.063327, 0.9999),
"format": 34359742465,
"index_count": 36,
"index_data": PackedByteArray("AAABAAIAAgADAAAAAwACAAQAAQAEAAIABQAAAAMABAAFAAMAAQAAAAYAAAAFAAYABQABAAYABAABAAcAAQAFAAcABQAEAAcA"),
"name": "colormap",
"primitive": 3,
"uv_scale": Vector4(0, 0, 0, 0),
"vertex_count": 8,
"vertex_data": PackedByteArray("cvn/vgAAAABy+f8+cvn/PpaxgT1y+f8+cvn/PgAAAABy+f8+cvn/vgAAAABy+f++cvn/PgAAAABy+f++cvn/vpaxgT1y+f++cvn/vpaxgT1y+f8+cvn/PpaxgT1y+f++")
}, {
"aabb": AABB(-0.49995, 0, -0.49995, 0.9999, 0.063327, 0.9999),
"format": 34359742465,
"index_count": 36,
"index_data": PackedByteArray("AAABAAIAAgADAAAAAwACAAQAAQAEAAIABQAAAAMABAAFAAMAAQAAAAYAAAAFAAYABQABAAYABAABAAcAAQAFAAcABQAEAAcA"),
"name": "colormap",
"primitive": 3,
"uv_scale": Vector4(0, 0, 0, 0),
"vertex_count": 8,
"vertex_data": PackedByteArray("cvn/vgAAAABy+f8+cvn/PpaxgT1y+f8+cvn/PgAAAABy+f8+cvn/vgAAAABy+f++cvn/PgAAAABy+f++cvn/vpaxgT1y+f++cvn/vpaxgT1y+f8+cvn/PpaxgT1y+f++")
}]
blend_shape_mode = 0

[sub_resource type="ArrayMesh" id="ArrayMesh_qjkp2"]
_surfaces = [{
"aabb": AABB(-0.49995, 0, -0.49995, 0.9999, 0.063327, 0.9999),
"attribute_data": PackedByteArray("/////wAAOD+amXk//////wAAOD9mZkY//////wAAOD+amXk//////wAAOD9mZkY//////wAAOD+amXk//////wAAOD+amXk//////wAAOD+amXk//////wAAOD+amXk//////wAAOD+amXk//////wAAOD9mZkY//////wAAOD9mZkY//////wAAOD+amXk//////wAAOD9mZkY//////wAAOD+amXk//////wAAOD+amXk//////wAAOD9mZkY//////wAAOD+amXk//////wAAOD9mZkY//////wAAOD+amXk//////wAAOD9mZkY//////wAAID4AACA//////wAAID4AACA//////wAAID4AACA//////wAAID4AACA/"),
"format": 34359742495,
"index_count": 36,
"index_data": PackedByteArray("AAABAAIAAQAAAAMABAAFAAYABQAEAAcACAAJAAoACQAIAAsADAANAA4ADQAMAA8AEAARABIAEQAQABMAFAAVABYAFQAUABcA"),
"name": "colormap",
"primitive": 3,
"uv_scale": Vector4(0, 0, 0, 0),
"vertex_count": 24,
"vertex_data": PackedByteArray("cvn/vgAAAABy+f8+cvn/PpaxgT1y+f8+cvn/PgAAAABy+f8+cvn/vpaxgT1y+f8+cvn/vgAAAABy+f++cvn/PgAAAABy+f8+cvn/PgAAAABy+f++cvn/vgAAAABy+f8+cvn/PgAAAABy+f++cvn/PpaxgT1y+f8+cvn/PpaxgT1y+f++cvn/PgAAAABy+f8+cvn/vpaxgT1y+f++cvn/vgAAAABy+f8+cvn/vgAAAABy+f++cvn/vpaxgT1y+f8+cvn/PgAAAABy+f++cvn/vpaxgT1y+f++cvn/vgAAAABy+f++cvn/PpaxgT1y+f++cvn/PpaxgT1y+f8+cvn/vpaxgT1y+f++cvn/PpaxgT1y+f++cvn/vpaxgT1y+f8+/3//f////z//f/9/////P/9//3////8//3//f////z//fwAA////v/9/AAD///+//38AAP///7//fwAA////v////3////+/////f////7////9/////v////3////+/AAD/f////78AAP9/////vwAA/3////+/AAD/f////7//////////v/////////+//////////7//////////v/9///////+//3///////7//f///////v/9///////+/")
}, {
"aabb": AABB(-0.49995, 0, -0.49995, 0.9999, 0.063327, 0.9999),
"attribute_data": PackedByteArray("/////wAAOD+amXk//////wAAOD9mZkY//////wAAOD+amXk//////wAAOD9mZkY//////wAAOD+amXk//////wAAOD+amXk//////wAAOD+amXk//////wAAOD+amXk//////wAAOD+amXk//////wAAOD9mZkY//////wAAOD9mZkY//////wAAOD+amXk//////wAAOD9mZkY//////wAAOD+amXk//////wAAOD+amXk//////wAAOD9mZkY//////wAAOD+amXk//////wAAOD9mZkY//////wAAOD+amXk//////wAAOD9mZkY//////wAAID4AACA//////wAAID4AACA//////wAAID4AACA//////wAAID4AACA/"),
"format": 34359742495,
"index_count": 36,
"index_data": PackedByteArray("AAABAAIAAQAAAAMABAAFAAYABQAEAAcACAAJAAoACQAIAAsADAANAA4ADQAMAA8AEAARABIAEQAQABMAFAAVABYAFQAUABcA"),
"name": "colormap",
"primitive": 3,
"uv_scale": Vector4(0, 0, 0, 0),
"vertex_count": 24,
"vertex_data": PackedByteArray("cvn/vgAAAABy+f8+cvn/PpaxgT1y+f8+cvn/PgAAAABy+f8+cvn/vpaxgT1y+f8+cvn/vgAAAABy+f++cvn/PgAAAABy+f8+cvn/PgAAAABy+f++cvn/vgAAAABy+f8+cvn/PgAAAABy+f++cvn/PpaxgT1y+f8+cvn/PpaxgT1y+f++cvn/PgAAAABy+f8+cvn/vpaxgT1y+f++cvn/vgAAAABy+f8+cvn/vgAAAABy+f++cvn/vpaxgT1y+f8+cvn/PgAAAABy+f++cvn/vpaxgT1y+f++cvn/vgAAAABy+f++cvn/PpaxgT1y+f++cvn/PpaxgT1y+f8+cvn/vpaxgT1y+f++cvn/PpaxgT1y+f++cvn/vpaxgT1y+f8+/3//f////z//f/9/////P/9//3////8//3//f////z//fwAA////v/9/AAD///+//38AAP///7//fwAA////v////3////+/////f////7////9/////v////3////+/AAD/f////78AAP9/////vwAA/3////+/AAD/f////7//////////v/////////+//////////7//////////v/9///////+//3///////7//f///////v/9///////+/")
}]
blend_shape_mode = 0
shadow_mesh = SubResource("ArrayMesh_5hdqt")

[sub_resource type="StandardMaterial3D" id="StandardMaterial3D_6g3lt"]
albedo_color = Color(0.0574092, 0.0693073, 0.0914149, 1)

[sub_resource type="Resource" id="Resource_qvu4i"]
script = ExtResource("12_isvx1")
Name = "Grass"
AlbedoTexture = ExtResource("8_4f7s6")
NormalTexture = ExtResource("10_o17bp")
RoughnessTexture = ExtResource("11_fvc32")
HeightTexture = ExtResource("9_c7hnv")
TextureDetail = -1
Triplanar = false
metadata/_custom_type_script = "uid://c2l8t4xcdxwvu"

[sub_resource type="Resource" id="Resource_ivn4s"]
script = ExtResource("12_isvx1")
Name = "Stone floor"
AlbedoTexture = ExtResource("13_w7hgd")
NormalTexture = ExtResource("15_xwdsa")
RoughnessTexture = ExtResource("16_ybj08")
HeightTexture = ExtResource("14_nm7l1")
TextureDetail = -1
Triplanar = false
metadata/_custom_type_script = "uid://c2l8t4xcdxwvu"

[sub_resource type="Resource" id="Resource_6hsm5"]
script = ExtResource("12_isvx1")
Name = "concrete"
AlbedoTexture = ExtResource("17_75alk")
NormalTexture = ExtResource("19_xk5d1")
RoughnessTexture = ExtResource("20_ehshy")
HeightTexture = ExtResource("18_7bgaj")
TextureDetail = -1
Triplanar = false
metadata/_custom_type_script = "uid://c2l8t4xcdxwvu"

[sub_resource type="Resource" id="Resource_ehshy"]
script = ExtResource("12_isvx1")
Name = ""
AlbedoTexture = ExtResource("21_isvx1")
NormalTexture = ExtResource("23_nm7l1")
RoughnessTexture = ExtResource("24_xwdsa")
HeightTexture = ExtResource("22_w7hgd")
TextureDetail = -1
Triplanar = false
metadata/_custom_type_script = "uid://c2l8t4xcdxwvu"

[sub_resource type="Resource" id="Resource_ttva1"]
script = ExtResource("12_isvx1")
Name = ""
AlbedoTexture = ExtResource("24_ybj08")
NormalTexture = ExtResource("26_7bgaj")
RoughnessTexture = ExtResource("27_xk5d1")
HeightTexture = ExtResource("25_75alk")
TextureDetail = -1
Triplanar = false
metadata/_custom_type_script = "uid://c2l8t4xcdxwvu"

[sub_resource type="Resource" id="Resource_j0qfb"]
script = ExtResource("21_ttva1")
TextureSets = [SubResource("Resource_qvu4i"), SubResource("Resource_ivn4s"), SubResource("Resource_6hsm5"), SubResource("Resource_ehshy"), SubResource("Resource_ttva1")]
metadata/_custom_type_script = "uid://043vjblb04jf"

[sub_resource type="Resource" id="Resource_lsrt0"]
script = ExtResource("9_6g3lt")
ZonePosition = Vector2i(0, 0)
HeightMapTexture = ExtResource("8_qjkp2")
SplatmapsTexture = [ExtResource("23_p3wo3"), ExtResource("31_ehshy")]
FoliagesTexture = []
ObjectsTexture = []

[sub_resource type="Resource" id="Resource_dm0nm"]
script = ExtResource("10_loule")
Zones = [SubResource("Resource_lsrt0")]

[node name="Node3D" type="Node3D"]

[node name="DirectionalLight3D2" type="DirectionalLight3D" parent="."]
transform = Transform3D(0.904983, 0.368449, -0.212724, 1.45499e-09, 0.5, 0.866025, 0.425448, -0.783738, 0.452491, 0, 0, 0)
light_cull_mask = 4294967293

[node name="WorldEnvironment" type="WorldEnvironment" parent="."]
environment = SubResource("Environment_dm0nm")

[node name="RoadManager" type="Node3D" parent="."]
transform = Transform3D(1, 0, 0, 0, 1, 0, 0, 0, 1, -1.45264, 0, 0.735841)
script = ExtResource("1_cw7kw")
metadata/_custom_type_script = "uid://jugyhndhuete"

[node name="Road_001" type="Node3D" parent="RoadManager"]
script = ExtResource("2_tcykm")
material_resource = ExtResource("3_jhki6")
use_lowpoly_preview = true
edge_containers = Array[NodePath]([NodePath(""), NodePath(""), NodePath("")])
edge_rp_targets = Array[NodePath]([NodePath(""), NodePath(""), NodePath("")])
edge_rp_target_dirs = Array[int]([-1, -1, -1])
edge_rp_locals = Array[NodePath]([NodePath("RP_002"), NodePath("RP_020"), NodePath("RP_019")])
edge_rp_local_dirs = Array[int]([0, 1, 0])

[node name="RP_002" type="Node3D" parent="RoadManager/Road_001"]
transform = Transform3D(-0.976193, 0.00551672, -0.216834, 0.00760607, 0.999932, -0.00880235, 0.21677, -0.010242, -0.976169, 48.9418, 21.1515, -490.329)
script = ExtResource("4_6qxac")
traffic_dir = Array[int]([2, 1])
lanes = Array[int]([5, 5])
shoulder_width_l = 0.0
shoulder_width_r = 0.0
gutter_profile = Vector2(1, -0.5)
prior_pt_init = NodePath("../RP_003")
prior_mag = 16.0
next_mag = 16.0

[node name="RP_003" type="Node3D" parent="RoadManager/Road_001"]
transform = Transform3D(-0.950342, -0.0448638, -0.307957, -0.0250029, 0.997362, -0.0681399, 0.310202, -0.0570564, -0.948957, 56.8316, 22.774, -461.048)
script = ExtResource("4_6qxac")
traffic_dir = Array[int]([2, 1])
lanes = Array[int]([5, 5])
shoulder_width_l = 0.0
shoulder_width_r = 0.0
gutter_profile = Vector2(1, -0.5)
prior_pt_init = NodePath("../RP_004")
next_pt_init = NodePath("../RP_002")
prior_mag = 22.0014
next_mag = 16.0

[node name="RP_004" type="Node3D" parent="RoadManager/Road_001"]
transform = Transform3D(-0.986891, -0.000802334, -0.161387, 0.00955271, 0.997944, -0.0633768, 0.161106, -0.0640877, -0.984854, 67.1749, 26.1725, -418.427)
script = ExtResource("4_6qxac")
traffic_dir = Array[int]([2, 1])
lanes = Array[int]([5, 5])
shoulder_width_l = 0.0
shoulder_width_r = 0.0
gutter_profile = Vector2(1, -0.5)
prior_pt_init = NodePath("../RP_005")
next_pt_init = NodePath("../RP_003")
prior_mag = 21.5476
next_mag = 22.0014

[node name="RP_005" type="Node3D" parent="RoadManager/Road_001"]
transform = Transform3D(-0.966019, -0.0749658, -0.24736, -0.0395299, 0.988607, -0.145234, 0.25543, -0.130521, -0.957977, 75.9732, 31.1759, -376.519)
script = ExtResource("4_6qxac")
traffic_dir = Array[int]([2, 1])
lanes = Array[int]([5, 5])
shoulder_width_l = 0.0
shoulder_width_r = 0.0
gutter_profile = Vector2(1, -0.5)
prior_pt_init = NodePath("../RP_006")
next_pt_init = NodePath("../RP_004")
prior_mag = 27.9568
next_mag = 21.5476

[node name="RP_006" type="Node3D" parent="RoadManager/Road_001"]
transform = Transform3D(-0.985329, 0.0227949, -0.169138, 0.0324211, 0.997994, -0.0543713, 0.16756, -0.0590573, -0.984091, 87.6785, 33.9354, -321.92)
script = ExtResource("4_6qxac")
traffic_dir = Array[int]([2, 1])
lanes = Array[int]([5, 5])
shoulder_width_l = 0.0
shoulder_width_r = 0.0
gutter_profile = Vector2(1, -0.5)
prior_pt_init = NodePath("../RP_007")
next_pt_init = NodePath("../RP_005")
prior_mag = 26.8602
next_mag = 27.9568

[node name="RP_007" type="Node3D" parent="RoadManager/Road_001"]
transform = Transform3D(-0.976844, -0.123178, -0.174939, -0.117504, 0.992164, -0.0424712, 0.178799, -0.0209318, -0.983663, 96.9398, 37.5875, -269.127)
script = ExtResource("4_6qxac")
traffic_dir = Array[int]([2, 1])
lanes = Array[int]([5, 5])
shoulder_width_l = 0.0
shoulder_width_r = 0.0
gutter_profile = Vector2(1, -0.5)
prior_pt_init = NodePath("../RP_008")
next_pt_init = NodePath("../RP_006")
prior_mag = 37.1738
next_mag = 26.8602

[node name="RP_008" type="Node3D" parent="RoadManager/Road_001"]
transform = Transform3D(-0.982715, -0.0625248, -0.17425, -0.0454308, 0.993907, -0.100421, 0.179467, -0.0907689, -0.979568, 109.944, 43.7801, -196.209)
script = ExtResource("4_6qxac")
traffic_dir = Array[int]([2, 1])
lanes = Array[int]([5, 5])
shoulder_width_l = 0.0
shoulder_width_r = 0.0
gutter_profile = Vector2(1, -0.5)
prior_pt_init = NodePath("../RP_009")
next_pt_init = NodePath("../RP_007")
prior_mag = 30.4243
next_mag = 37.1738

[node name="RP_009" type="Node3D" parent="RoadManager/Road_001"]
transform = Transform3D(-0.944922, -0.150543, -0.290618, -0.102337, 0.979315, -0.174554, 0.310885, -0.135199, -0.940783, 124.203, 48.079, -137.488)
script = ExtResource("4_6qxac")
traffic_dir = Array[int]([2, 1])
lanes = Array[int]([5, 5])
shoulder_width_l = 0.0
shoulder_width_r = 0.0
gutter_profile = Vector2(1, -0.5)
prior_pt_init = NodePath("../RP_010")
next_pt_init = NodePath("../RP_008")
prior_mag = 18.99
next_mag = 30.4243

[node name="RP_010" type="Node3D" parent="RoadManager/Road_001"]
transform = Transform3D(-0.976575, -0.0590134, -0.206927, -0.0500746, 0.997582, -0.0481772, 0.209271, -0.0366869, -0.977169, 133.723, 53.8453, -100.839)
script = ExtResource("4_6qxac")
traffic_dir = Array[int]([2, 1])
lanes = Array[int]([5, 5])
shoulder_width_l = 0.0
shoulder_width_r = 0.0
gutter_profile = Vector2(1, -0.5)
prior_pt_init = NodePath("../RP_011")
next_pt_init = NodePath("../RP_009")
prior_mag = 22.4384
next_mag = 18.99

[node name="RP_011" type="Node3D" parent="RoadManager/Road_001"]
transform = Transform3D(-0.935708, -0.141736, -0.32305, -0.126844, 0.98967, -0.066811, 0.329182, -0.0215387, -0.944021, 145.741, 57.3517, -57.6684)
script = ExtResource("4_6qxac")
traffic_dir = Array[int]([2, 1])
lanes = Array[int]([5, 5])
shoulder_width_l = 0.0
shoulder_width_r = 0.0
gutter_profile = Vector2(1, -0.5)
prior_pt_init = NodePath("../RP_012")
next_pt_init = NodePath("../RP_010")
prior_mag = 22.0822
next_mag = 22.4384

[node name="RP_012" type="Node3D" parent="RoadManager/Road_001"]
transform = Transform3D(-0.969561, -0.0561296, -0.238329, -0.042398, 0.997153, -0.0623602, 0.241151, -0.0503574, -0.96918, 154.303, 59.1742, -14.5614)
script = ExtResource("4_6qxac")
traffic_dir = Array[int]([2, 1])
lanes = Array[int]([5, 5])
shoulder_width_l = 0.0
shoulder_width_r = 0.0
gutter_profile = Vector2(1, -0.5)
prior_pt_init = NodePath("../RP_013")
next_pt_init = NodePath("../RP_011")
prior_mag = 28.984
next_mag = 22.0822

[node name="RP_013" type="Node3D" parent="RoadManager/Road_001"]
transform = Transform3D(-0.966151, -0.0300983, -0.256215, -0.0249589, 0.999417, -0.0232878, 0.256766, -0.0161041, -0.966339, 169.97, 62.0563, 41.1155)
script = ExtResource("4_6qxac")
traffic_dir = Array[int]([2, 1])
lanes = Array[int]([5, 5])
shoulder_width_l = 0.0
shoulder_width_r = 0.0
gutter_profile = Vector2(1, -0.5)
prior_pt_init = NodePath("../RP_014")
next_pt_init = NodePath("../RP_012")
prior_mag = 6.26244
next_mag = 28.984

[node name="RP_014" type="Node3D" parent="RoadManager/Road_001"]
transform = Transform3D(-0.981396, 0.0169386, -0.191245, -0.00320796, 0.994515, 0.104546, 0.191967, 0.103215, -0.975959, 176.609, 64.5902, 78.0077)
script = ExtResource("4_6qxac")
traffic_dir = Array[int]([2, 1])
lanes = Array[int]([5, 5])
shoulder_width_l = 0.0
shoulder_width_r = 0.0
gutter_profile = Vector2(1, -0.5)
prior_pt_init = NodePath("../RP_015")
next_pt_init = NodePath("../RP_013")
prior_mag = 29.3023
next_mag = 18.6785

[node name="RP_015" type="Node3D" parent="RoadManager/Road_001"]
transform = Transform3D(-0.873891, -0.0559165, -0.482894, -0.0104284, 0.99529, -0.096377, 0.486009, -0.0791871, -0.870359, 188.364, 66.967, 116.902)
script = ExtResource("4_6qxac")
traffic_dir = Array[int]([2, 1])
lanes = Array[int]([5, 5])
shoulder_width_l = 0.0
shoulder_width_r = 0.0
gutter_profile = Vector2(1, -0.5)
prior_pt_init = NodePath("../RP_016")
next_pt_init = NodePath("../RP_014")
prior_mag = 16.0
next_mag = 16.971

[node name="RP_016" type="Node3D" parent="RoadManager/Road_001"]
transform = Transform3D(-0.827081, -0.0235376, -0.56159, 0, 0.999123, -0.0418756, 0.562083, -0.0346345, -0.826355, 202.169, 67.7924, 141.641)
script = ExtResource("4_6qxac")
traffic_dir = Array[int]([2, 1])
lanes = Array[int]([5, 5])
shoulder_width_l = 0.0
shoulder_width_r = 0.0
gutter_profile = Vector2(1, -0.5)
prior_pt_init = NodePath("../RP_017")
next_pt_init = NodePath("../RP_015")
prior_mag = 20.3404
next_mag = 16.0

[node name="RP_017" type="Node3D" parent="RoadManager/Road_001"]
transform = Transform3D(-0.63552, 0.0950693, -0.766209, 0.173443, 0.984605, -0.0216924, 0.752351, -0.14668, -0.642226, 229.247, 68.3484, 168.344)
script = ExtResource("4_6qxac")
traffic_dir = Array[int]([2, 1])
lanes = Array[int]([5, 5])
shoulder_width_l = 0.0
shoulder_width_r = 0.0
gutter_profile = Vector2(1, -0.5)
prior_pt_init = NodePath("../RP_018")
next_pt_init = NodePath("../RP_016")
prior_mag = 16.0
next_mag = 20.3404

[node name="RP_018" type="Node3D" parent="RoadManager/Road_001"]
transform = Transform3D(-0.70978, -0.0687397, -0.701062, -3.91507e-09, 0.995227, -0.0975829, 0.704424, -0.0692624, -0.706392, 250.955, 71.4756, 190.23)
script = ExtResource("4_6qxac")
traffic_dir = Array[int]([2, 1])
lanes = Array[int]([5, 5])
shoulder_width_l = 0.0
shoulder_width_r = 0.0
gutter_profile = Vector2(1, -0.5)
prior_pt_init = NodePath("../RP_020")
next_pt_init = NodePath("../RP_017")
prior_mag = 16.4303
next_mag = 16.0

[node name="RP_020" type="Node3D" parent="RoadManager/Road_001"]
transform = Transform3D(-0.772734, 0, -0.63473, 0, 1, 0, 0.63473, 0, -0.772734, 272.211, 71.6209, 213.701)
script = ExtResource("4_6qxac")
traffic_dir = Array[int]([2, 1])
lanes = Array[int]([5, 5])
shoulder_width_l = 0.0
shoulder_width_r = 0.0
gutter_profile = Vector2(1, -0.5)
next_pt_init = NodePath("../RP_018")
prior_mag = 16.4303
next_mag = 15.5716

[node name="RP_019" type="Node3D" parent="RoadManager/Road_001"]
transform = Transform3D(0.463685, 0.0352359, -0.885299, -0.0189107, 0.999375, 0.0298716, 0.885798, 0.00289061, 0.464061, -24.1087, 21.6848, -516.291)
script = ExtResource("4_6qxac")
traffic_dir = Array[int]([2, 1])
lanes = Array[int]([5, 5])
shoulder_width_l = 0.0
shoulder_width_r = 0.0
gutter_profile = Vector2(1, -0.5)
prior_pt_init = NodePath("../RP_001")
prior_mag = 33.8154
next_mag = 33.8154

[node name="Road_002" type="Node3D" parent="RoadManager"]
script = ExtResource("2_tcykm")
material_resource = ExtResource("3_jhki6")
use_lowpoly_preview = true
edge_containers = Array[NodePath]([NodePath(""), NodePath("")])
edge_rp_targets = Array[NodePath]([NodePath(""), NodePath("")])
edge_rp_target_dirs = Array[int]([-1, -1])
edge_rp_locals = Array[NodePath]([NodePath("RP_001"), NodePath("RP_006")])
edge_rp_local_dirs = Array[int]([0, 1])

[node name="RP_001" type="Node3D" parent="RoadManager/Road_002"]
transform = Transform3D(-0.1632, 0.0193804, 0.986403, 0, 0.999807, -0.0196438, -0.986593, -0.00320586, -0.163168, 31.871, 20.3499, -524.926)
script = ExtResource("4_6qxac")
traffic_dir = Array[int]([2, 1])
lanes = Array[int]([5, 5])
shoulder_width_l = 0.0
shoulder_width_r = 0.0
gutter_profile = Vector2(1, -0.5)
prior_pt_init = NodePath("../RP_002")
next_mag = 28.7183

[node name="RP_002" type="Node3D" parent="RoadManager/Road_002"]
transform = Transform3D(-0.163236, 0.0143697, 0.986482, -0.00190569, 0.999887, -0.0148803, -0.986585, -0.00430895, -0.163191, -24.7716, 21.7278, -515.557)
script = ExtResource("4_6qxac")
traffic_dir = Array[int]([2, 1])
lanes = Array[int]([5, 5])
shoulder_width_l = 0.0
shoulder_width_r = 0.0
gutter_profile = Vector2(1, -0.5)
prior_pt_init = NodePath("../RP_003")
next_pt_init = NodePath("../RP_001")
prior_mag = 42.5479
next_mag = 28.7183

[node name="RP_003" type="Node3D" parent="RoadManager/Road_002"]
transform = Transform3D(-0.217529, -0.0506808, 0.974737, -0.103254, 0.994242, 0.0286521, -0.970577, -0.0944127, -0.22151, -108.29, 21.6376, -499.225)
script = ExtResource("4_6qxac")
traffic_dir = Array[int]([2, 1])
lanes = Array[int]([5, 5])
shoulder_width_l = 0.0
shoulder_width_r = 0.0
gutter_profile = Vector2(1, -0.5)
prior_pt_init = NodePath("../RP_004")
next_pt_init = NodePath("../RP_002")
prior_mag = 91.3604
next_mag = 42.5479

[node name="RP_004" type="Node3D" parent="RoadManager/Road_002"]
transform = Transform3D(-0.206476, -0.0228634, 0.978184, -0.0211738, 0.999597, 0.0188945, -0.978222, -0.0168106, -0.206877, -286.745, 18.8642, -460.091)
script = ExtResource("4_6qxac")
traffic_dir = Array[int]([2, 1])
lanes = Array[int]([5, 5])
shoulder_width_l = 0.0
shoulder_width_r = 0.0
gutter_profile = Vector2(1, -0.5)
prior_pt_init = NodePath("../RP_005")
next_pt_init = NodePath("../RP_003")
prior_mag = 61.1071
next_mag = 91.3604

[node name="RP_005" type="Node3D" parent="RoadManager/Road_002"]
transform = Transform3D(-0.222468, -0.00296053, 0.974935, -0.0232187, 0.999728, -0.00226241, -0.974663, -0.0231401, -0.222476, -406.095, 17.2748, -433.866)
script = ExtResource("4_6qxac")
traffic_dir = Array[int]([2, 1])
lanes = Array[int]([5, 5])
shoulder_width_l = 0.0
shoulder_width_r = 0.0
gutter_profile = Vector2(1, -0.5)
prior_pt_init = NodePath("../RP_006")
next_pt_init = NodePath("../RP_004")
prior_mag = 32.6368
next_mag = 61.1071

[node name="RP_006" type="Node3D" parent="RoadManager/Road_002"]
transform = Transform3D(0.0335844, 0.0877209, 0.995579, 0.00174146, 0.996134, -0.0878285, -0.999434, 0.00468343, 0.0333018, -471.01, 20.7655, -427.711)
script = ExtResource("4_6qxac")
traffic_dir = Array[int]([2, 1])
lanes = Array[int]([5, 5])
shoulder_width_l = 0.0
shoulder_width_r = 0.0
gutter_profile = Vector2(1, -0.5)
next_pt_init = NodePath("../RP_005")
prior_mag = 32.6368
next_mag = 32.6368

[node name="Road_003" type="Node3D" parent="RoadManager"]
script = ExtResource("2_tcykm")
material_resource = ExtResource("3_jhki6")
use_lowpoly_preview = true
edge_containers = Array[NodePath]([NodePath(""), NodePath("")])
edge_rp_targets = Array[NodePath]([NodePath(""), NodePath("")])
edge_rp_target_dirs = Array[int]([-1, -1])
edge_rp_locals = Array[NodePath]([NodePath("RP_001"), NodePath("RP_013")])
edge_rp_local_dirs = Array[int]([0, 1])

[node name="RP_001" type="Node3D" parent="RoadManager/Road_003"]
transform = Transform3D(-0.980891, -0.00655292, -0.19445, 0, 0.999433, -0.0336806, 0.19456, -0.033037, -0.980334, -284.804, 18.7784, -456.26)
script = ExtResource("4_6qxac")
traffic_dir = Array[int]([2, 1])
lanes = Array[int]([5, 5])
shoulder_width_l = 0.0
shoulder_width_r = 0.0
gutter_profile = Vector2(1, -0.5)
prior_pt_init = NodePath("../RP_002")
next_mag = 16.0

[node name="RP_002" type="Node3D" parent="RoadManager/Road_003"]
transform = Transform3D(-0.980955, -0.00542334, -0.194159, 0, 0.99961, -0.0279216, 0.194234, -0.0273899, -0.980573, -278.001, 19.4069, -425.009)
script = ExtResource("4_6qxac")
traffic_dir = Array[int]([2, 1])
lanes = Array[int]([5, 5])
shoulder_width_l = 0.0
shoulder_width_r = 0.0
gutter_profile = Vector2(1, -0.5)
prior_pt_init = NodePath("../RP_003")
next_pt_init = NodePath("../RP_001")
prior_mag = 9.98687
next_mag = 16.0

[node name="RP_003" type="Node3D" parent="RoadManager/Road_003"]
transform = Transform3D(-0.967268, -0.018143, -0.253108, 0, 0.997441, -0.0714974, 0.253758, -0.0691572, -0.964792, -273.866, 20.8729, -405.913)
script = ExtResource("4_6qxac")
traffic_dir = Array[int]([2, 1])
lanes = Array[int]([5, 5])
shoulder_width_l = 0.0
shoulder_width_r = 0.0
gutter_profile = Vector2(1, -0.5)
prior_pt_init = NodePath("../RP_004")
next_pt_init = NodePath("../RP_002")
prior_mag = 21.9839
next_mag = 9.98687

[node name="RP_004" type="Node3D" parent="RoadManager/Road_003"]
transform = Transform3D(-0.979575, -0.00421106, -0.201034, 0, 0.999781, -0.0209424, 0.201078, -0.0205147, -0.97936, -264.217, 23.4109, -362.781)
script = ExtResource("4_6qxac")
traffic_dir = Array[int]([2, 1])
lanes = Array[int]([5, 5])
shoulder_width_l = 0.0
shoulder_width_r = 0.0
gutter_profile = Vector2(1, -0.5)
prior_pt_init = NodePath("../RP_005")
next_pt_init = NodePath("../RP_003")
prior_mag = 18.7537
next_mag = 21.9839

[node name="RP_005" type="Node3D" parent="RoadManager/Road_003"]
transform = Transform3D(-0.976672, -0.0101154, -0.214497, 0, 0.99889, -0.0471064, 0.214735, -0.0460076, -0.975588, -256.37, 25.5009, -326.763)
script = ExtResource("4_6qxac")
traffic_dir = Array[int]([2, 1])
lanes = Array[int]([5, 5])
shoulder_width_l = 0.0
shoulder_width_r = 0.0
gutter_profile = Vector2(1, -0.5)
prior_pt_init = NodePath("../RP_006")
next_pt_init = NodePath("../RP_004")
prior_mag = 26.9467
next_mag = 18.7537

[node name="RP_006" type="Node3D" parent="RoadManager/Road_003"]
transform = Transform3D(-0.979148, -0.0484572, -0.197282, 0, 0.971134, -0.238533, 0.203146, -0.23356, -0.950885, -244.609, 30.9712, -274.055)
script = ExtResource("4_6qxac")
traffic_dir = Array[int]([2, 1])
lanes = Array[int]([5, 5])
shoulder_width_l = 0.0
shoulder_width_r = 0.0
gutter_profile = Vector2(1, -0.5)
prior_pt_init = NodePath("../RP_007")
next_pt_init = NodePath("../RP_005")
prior_mag = 22.9434
next_mag = 26.9467

[node name="RP_007" type="Node3D" parent="RoadManager/Road_003"]
transform = Transform3D(-0.970716, -0.0384079, -0.237138, -0.0211168, 0.996957, -0.0750306, 0.239298, -0.0678257, -0.968574, -233.613, 32.8269, -229.955)
script = ExtResource("4_6qxac")
traffic_dir = Array[int]([2, 1])
lanes = Array[int]([5, 5])
shoulder_width_l = 0.0
shoulder_width_r = 0.0
gutter_profile = Vector2(1, -0.5)
prior_pt_init = NodePath("../RP_008")
next_pt_init = NodePath("../RP_006")
prior_mag = 19.9542
next_mag = 22.9434

[node name="RP_008" type="Node3D" parent="RoadManager/Road_003"]
transform = Transform3D(-0.976672, -0.000749566, -0.214734, 0.0206001, 0.995055, -0.0971687, 0.213745, -0.0993255, -0.971827, -225.745, 36.3139, -190.753)
script = ExtResource("4_6qxac")
traffic_dir = Array[int]([2, 1])
lanes = Array[int]([5, 5])
shoulder_width_l = 0.0
shoulder_width_r = 0.0
gutter_profile = Vector2(1, -0.5)
prior_pt_init = NodePath("../RP_009")
next_pt_init = NodePath("../RP_007")
prior_mag = 41.0729
next_mag = 19.9542

[node name="RP_009" type="Node3D" parent="RoadManager/Road_003"]
transform = Transform3D(-0.977783, -0.0117012, -0.209292, 0, 0.998441, -0.0558215, 0.209619, -0.0545813, -0.976259, -205.867, 38.9675, -110.689)
script = ExtResource("4_6qxac")
traffic_dir = Array[int]([2, 1])
lanes = Array[int]([5, 5])
shoulder_width_l = 0.0
shoulder_width_r = 0.0
gutter_profile = Vector2(1, -0.5)
prior_pt_init = NodePath("../RP_010")
next_pt_init = NodePath("../RP_008")
prior_mag = 43.5588
next_mag = 41.0729

[node name="RP_010" type="Node3D" parent="RoadManager/Road_003"]
transform = Transform3D(-0.981959, -0.00989649, -0.188836, 0, 0.99863, -0.052336, 0.189095, -0.0513918, -0.980613, -185.901, 48.8887, -27.173)
script = ExtResource("4_6qxac")
traffic_dir = Array[int]([2, 1])
lanes = Array[int]([5, 5])
shoulder_width_l = 0.0
shoulder_width_r = 0.0
gutter_profile = Vector2(1, -0.5)
prior_pt_init = NodePath("../RP_011")
next_pt_init = NodePath("../RP_009")
prior_mag = 56.3553
next_mag = 43.5588

[node name="RP_011" type="Node3D" parent="RoadManager/Road_003"]
transform = Transform3D(-0.968148, -0.0039328, -0.250349, 0, 0.999877, -0.0157073, 0.25038, -0.015207, -0.968028, -159.428, 49.8549, 82.9387)
script = ExtResource("4_6qxac")
traffic_dir = Array[int]([2, 1])
lanes = Array[int]([5, 5])
shoulder_width_l = 0.0
shoulder_width_r = 0.0
gutter_profile = Vector2(1, -0.5)
prior_pt_init = NodePath("../RP_012")
next_pt_init = NodePath("../RP_010")
prior_mag = 43.3659
next_mag = 54.2811

[node name="RP_012" type="Node3D" parent="RoadManager/Road_003"]
transform = Transform3D(-0.956871, -0.0855927, -0.277617, -0.0804863, 0.996311, -0.0297603, 0.27914, -0.00613239, -0.960231, -139.914, 54.4103, 167.281)
script = ExtResource("4_6qxac")
traffic_dir = Array[int]([2, 1])
lanes = Array[int]([5, 5])
shoulder_width_l = 0.0
shoulder_width_r = 0.0
gutter_profile = Vector2(1, -0.5)
prior_pt_init = NodePath("../RP_013")
next_pt_init = NodePath("../RP_011")
prior_mag = 35.6795
next_mag = 43.3659

[node name="RP_013" type="Node3D" parent="RoadManager/Road_003"]
transform = Transform3D(-0.94088, 0.00945812, -0.338606, 0, 0.99961, 0.0279216, 0.338738, 0.0262709, -0.940514, -124.138, 54.6668, 236.444)
script = ExtResource("4_6qxac")
traffic_dir = Array[int]([2, 1])
lanes = Array[int]([5, 5])
shoulder_width_l = 0.0
shoulder_width_r = 0.0
gutter_profile = Vector2(1, -0.5)
next_pt_init = NodePath("../RP_012")
prior_mag = 35.6795
next_mag = 35.6795

[node name="Road_004" type="Node3D" parent="RoadManager"]
script = ExtResource("2_tcykm")
material_resource = ExtResource("3_jhki6")
use_lowpoly_preview = true
edge_containers = Array[NodePath]([NodePath(""), NodePath("")])
edge_rp_targets = Array[NodePath]([NodePath(""), NodePath("")])
edge_rp_target_dirs = Array[int]([-1, -1])
edge_rp_locals = Array[NodePath]([NodePath("RP_001"), NodePath("RP_017")])
edge_rp_local_dirs = Array[int]([0, 1])

[node name="RP_001" type="Node3D" parent="RoadManager/Road_004"]
transform = Transform3D(0.228289, -0.0191149, -0.973406, 0, 0.999807, -0.0196333, 0.973593, 0.00448207, 0.228245, -136.387, 54.2027, 165.895)
script = ExtResource("4_6qxac")
traffic_dir = Array[int]([2, 1])
lanes = Array[int]([5, 5])
shoulder_width_l = 0.0
shoulder_width_r = 0.0
gutter_profile = Vector2(1, -0.5)
prior_pt_init = NodePath("../RP_002")
next_mag = 16.0

[node name="RP_002" type="Node3D" parent="RoadManager/Road_004"]
transform = Transform3D(0.226651, 0.00339981, -0.97397, 0, 0.999994, 0.00349065, 0.973976, -0.000791161, 0.22665, -117.91, 55.7809, 162.218)
script = ExtResource("4_6qxac")
traffic_dir = Array[int]([2, 1])
lanes = Array[int]([5, 5])
shoulder_width_l = 0.0
shoulder_width_r = 0.0
gutter_profile = Vector2(1, -0.5)
prior_pt_init = NodePath("../RP_003")
next_pt_init = NodePath("../RP_001")
prior_mag = 9.13249
next_mag = 16.0

[node name="RP_003" type="Node3D" parent="RoadManager/Road_004"]
transform = Transform3D(0.231748, 0.0644697, -0.970637, 0, 0.997801, 0.0662739, 0.972776, -0.0153588, 0.231238, -100.301, 55.6449, 157.986)
script = ExtResource("4_6qxac")
traffic_dir = Array[int]([2, 1])
lanes = Array[int]([5, 5])
shoulder_width_l = 0.0
shoulder_width_r = 0.0
gutter_profile = Vector2(1, -0.5)
prior_pt_init = NodePath("../RP_004")
next_pt_init = NodePath("../RP_002")
prior_mag = 8.74798
next_mag = 9.13249

[node name="RP_004" type="Node3D" parent="RoadManager/Road_004"]
transform = Transform3D(0.337095, -0.00164318, -0.941469, 0, 0.999998, -0.00174533, 0.94147, 0.000588342, 0.337095, -83.5411, 55.5858, 152.967)
script = ExtResource("4_6qxac")
traffic_dir = Array[int]([2, 1])
lanes = Array[int]([5, 5])
shoulder_width_l = 0.0
shoulder_width_r = 0.0
gutter_profile = Vector2(1, -0.5)
prior_pt_init = NodePath("../RP_005")
next_pt_init = NodePath("../RP_003")
prior_mag = 8.0
next_mag = 8.74798

[node name="RP_005" type="Node3D" parent="RoadManager/Road_004"]
transform = Transform3D(-0.00174539, -0.0453629, -0.998969, 0, 0.99897, -0.045363, 0.999998, -7.91759e-05, -0.00174359, -68.9088, 56.4245, 150.295)
script = ExtResource("4_6qxac")
traffic_dir = Array[int]([2, 1])
lanes = Array[int]([5, 5])
shoulder_width_l = 0.0
shoulder_width_r = 0.0
gutter_profile = Vector2(1, -0.5)
prior_pt_init = NodePath("../RP_006")
next_pt_init = NodePath("../RP_004")
prior_mag = 10.1595
next_mag = 8.0

[node name="RP_006" type="Node3D" parent="RoadManager/Road_004"]
transform = Transform3D(-0.101056, -0.0572693, -0.993231, 0, 0.998342, -0.057564, 0.994881, -0.00581721, -0.100889, -48.6817, 57.971, 151.373)
script = ExtResource("4_6qxac")
traffic_dir = Array[int]([2, 1])
lanes = Array[int]([5, 5])
shoulder_width_l = 0.0
shoulder_width_r = 0.0
gutter_profile = Vector2(1, -0.5)
prior_pt_init = NodePath("../RP_007")
next_pt_init = NodePath("../RP_005")
prior_mag = 14.6083
next_mag = 10.1595

[node name="RP_007" type="Node3D" parent="RoadManager/Road_004"]
transform = Transform3D(-0.401948, -0.0590898, -0.913754, 0, 0.997916, -0.0645323, 0.915663, -0.0259386, -0.40111, -21.8889, 59.8572, 162.972)
script = ExtResource("4_6qxac")
traffic_dir = Array[int]([2, 1])
lanes = Array[int]([5, 5])
shoulder_width_l = 0.0
shoulder_width_r = 0.0
gutter_profile = Vector2(1, -0.5)
prior_pt_init = NodePath("../RP_008")
next_pt_init = NodePath("../RP_006")
prior_mag = 13.5639
next_mag = 14.6083

[node name="RP_008" type="Node3D" parent="RoadManager/Road_004"]
transform = Transform3D(-0.105795, -0.0292486, -0.993958, 0.00997078, 0.999486, -0.0304726, 0.994338, -0.0131344, -0.105449, 5.0911, 61.2201, 167.812)
script = ExtResource("4_6qxac")
traffic_dir = Array[int]([2, 1])
lanes = Array[int]([5, 5])
shoulder_width_l = 0.0
shoulder_width_r = 0.0
gutter_profile = Vector2(1, -0.5)
prior_pt_init = NodePath("../RP_009")
next_pt_init = NodePath("../RP_007")
prior_mag = 12.9346
next_mag = 13.5639

[node name="RP_009" type="Node3D" parent="RoadManager/Road_004"]
transform = Transform3D(0.364636, -0.0346709, -0.930504, 0.0132432, 0.999398, -0.0320483, 0.931056, -0.00063683, 0.364876, 30.4934, 61.4013, 164.261)
script = ExtResource("4_6qxac")
traffic_dir = Array[int]([2, 1])
lanes = Array[int]([5, 5])
shoulder_width_l = 0.0
shoulder_width_r = 0.0
gutter_profile = Vector2(1, -0.5)
prior_pt_init = NodePath("../RP_010")
next_pt_init = NodePath("../RP_008")
prior_mag = 11.6122
next_mag = 12.9346

[node name="RP_010" type="Node3D" parent="RoadManager/Road_004"]
