[gd_scene load_steps=8 format=3 uid="uid://2l4ec2r8v4dr"]

[ext_resource type="Script" uid="uid://jugyhndhuete" path="res://addons/road-generator/nodes/road_manager.gd" id="1_cwu2u"]
[ext_resource type="Script" uid="uid://dvqqnsa3y4om3" path="res://addons/road-generator/nodes/road_container.gd" id="2_2g1u2"]
[ext_resource type="Material" uid="uid://dq2molbirnpgx" path="res://addons/road-generator/resources/road_texture.material" id="3_o4j5r"]
[ext_resource type="Script" uid="uid://cuanfykdpm1ac" path="res://addons/road-generator/nodes/road_point.gd" id="4_17jhl"]

[sub_resource type="StandardMaterial3D" id="StandardMaterial3D_cgamy"]
albedo_color = Color(0.0588235, 0.0705882, 0.0901961, 1)

[sub_resource type="StandardMaterial3D" id="StandardMaterial3D_dp5ku"]
albedo_color = Color(0.0588235, 0.0705882, 0.0901961, 1)

[sub_resource type="StandardMaterial3D" id="StandardMaterial3D_xwdes"]
albedo_color = Color(0.0588235, 0.0705882, 0.0901961, 1)

[node name="Node3D" type="Node3D"]

[node name="RoadManager" type="Node3D" parent="."]
transform = Transform3D(1, 0, 0, 0, 1, 0, 0, 0, 1, -1.45264, 0, 0.735841)
script = ExtResource("1_cwu2u")
metadata/_custom_type_script = "uid://jugyhndhuete"

[node name="Road_001" type="Node3D" parent="RoadManager"]
script = ExtResource("2_2g1u2")
material_resource = ExtResource("3_o4j5r")
use_lowpoly_preview = true
edge_containers = Array[NodePath]([NodePath(""), NodePath(""), NodePath("")])
edge_rp_targets = Array[NodePath]([NodePath(""), NodePath(""), NodePath("")])
edge_rp_target_dirs = Array[int]([-1, -1, -1])
edge_rp_locals = Array[NodePath]([NodePath("RP_002"), NodePath("RP_020"), NodePath("RP_019")])
edge_rp_local_dirs = Array[int]([0, 1, 0])

[node name="RP_002" type="Node3D" parent="RoadManager/Road_001"]
transform = Transform3D(-0.976193, 0.00551672, -0.216834, 0.00760607, 0.999932, -0.00880235, 0.21677, -0.010242, -0.976169, 48.9418, 21.1515, -490.329)
script = ExtResource("4_17jhl")
traffic_dir = Array[int]([2, 1])
lanes = Array[int]([5, 5])
shoulder_width_l = 0.0
shoulder_width_r = 0.0
gutter_profile = Vector2(1, -0.5)
prior_pt_init = NodePath("../RP_003")
prior_mag = 16.0
next_mag = 16.0

[node name="RP_003" type="Node3D" parent="RoadManager/Road_001"]
transform = Transform3D(-0.950342, -0.0448638, -0.307957, -0.0250029, 0.997362, -0.0681399, 0.310202, -0.0570564, -0.948957, 56.8316, 22.774, -461.048)
script = ExtResource("4_17jhl")
traffic_dir = Array[int]([2, 1])
lanes = Array[int]([5, 5])
shoulder_width_l = 0.0
shoulder_width_r = 0.0
gutter_profile = Vector2(1, -0.5)
prior_pt_init = NodePath("../RP_004")
next_pt_init = NodePath("../RP_002")
prior_mag = 22.0014
next_mag = 16.0

[node name="RP_004" type="Node3D" parent="RoadManager/Road_001"]
transform = Transform3D(-0.986891, -0.000802334, -0.161387, 0.00955271, 0.997944, -0.0633768, 0.161106, -0.0640877, -0.984854, 67.1749, 26.1725, -418.427)
script = ExtResource("4_17jhl")
traffic_dir = Array[int]([2, 1])
lanes = Array[int]([5, 5])
shoulder_width_l = 0.0
shoulder_width_r = 0.0
gutter_profile = Vector2(1, -0.5)
prior_pt_init = NodePath("../RP_005")
next_pt_init = NodePath("../RP_003")
prior_mag = 21.5476
next_mag = 22.0014

[node name="RP_005" type="Node3D" parent="RoadManager/Road_001"]
transform = Transform3D(-0.966019, -0.0749658, -0.24736, -0.0395299, 0.988607, -0.145234, 0.25543, -0.130521, -0.957977, 75.9732, 31.1759, -376.519)
script = ExtResource("4_17jhl")
traffic_dir = Array[int]([2, 1])
lanes = Array[int]([5, 5])
shoulder_width_l = 0.0
shoulder_width_r = 0.0
gutter_profile = Vector2(1, -0.5)
prior_pt_init = NodePath("../RP_006")
next_pt_init = NodePath("../RP_004")
prior_mag = 27.9568
next_mag = 21.5476

[node name="RP_006" type="Node3D" parent="RoadManager/Road_001"]
transform = Transform3D(-0.985329, 0.0227949, -0.169138, 0.0324211, 0.997994, -0.0543713, 0.16756, -0.0590573, -0.984091, 87.6785, 33.9354, -321.92)
script = ExtResource("4_17jhl")
traffic_dir = Array[int]([2, 1])
lanes = Array[int]([5, 5])
shoulder_width_l = 0.0
shoulder_width_r = 0.0
gutter_profile = Vector2(1, -0.5)
prior_pt_init = NodePath("../RP_007")
next_pt_init = NodePath("../RP_005")
prior_mag = 26.8602
next_mag = 27.9568

[node name="RP_007" type="Node3D" parent="RoadManager/Road_001"]
transform = Transform3D(-0.976844, -0.123178, -0.174939, -0.117504, 0.992164, -0.0424712, 0.178799, -0.0209318, -0.983663, 96.9398, 37.5875, -269.127)
script = ExtResource("4_17jhl")
traffic_dir = Array[int]([2, 1])
lanes = Array[int]([5, 5])
shoulder_width_l = 0.0
shoulder_width_r = 0.0
gutter_profile = Vector2(1, -0.5)
prior_pt_init = NodePath("../RP_008")
next_pt_init = NodePath("../RP_006")
prior_mag = 37.1738
next_mag = 26.8602

[node name="RP_008" type="Node3D" parent="RoadManager/Road_001"]
transform = Transform3D(-0.982715, -0.0625248, -0.17425, -0.0454308, 0.993907, -0.100421, 0.179467, -0.0907689, -0.979568, 109.944, 43.7801, -196.209)
script = ExtResource("4_17jhl")
traffic_dir = Array[int]([2, 1])
lanes = Array[int]([5, 5])
shoulder_width_l = 0.0
shoulder_width_r = 0.0
gutter_profile = Vector2(1, -0.5)
prior_pt_init = NodePath("../RP_009")
next_pt_init = NodePath("../RP_007")
prior_mag = 30.4243
next_mag = 37.1738

[node name="RP_009" type="Node3D" parent="RoadManager/Road_001"]
transform = Transform3D(-0.944922, -0.150543, -0.290618, -0.102337, 0.979315, -0.174554, 0.310885, -0.135199, -0.940783, 124.203, 48.079, -137.488)
script = ExtResource("4_17jhl")
traffic_dir = Array[int]([2, 1])
lanes = Array[int]([5, 5])
shoulder_width_l = 0.0
shoulder_width_r = 0.0
gutter_profile = Vector2(1, -0.5)
prior_pt_init = NodePath("../RP_010")
next_pt_init = NodePath("../RP_008")
prior_mag = 18.99
next_mag = 30.4243

[node name="RP_010" type="Node3D" parent="RoadManager/Road_001"]
transform = Transform3D(-0.976575, -0.0590134, -0.206927, -0.0500746, 0.997582, -0.0481772, 0.209271, -0.0366869, -0.977169, 133.723, 53.8453, -100.839)
script = ExtResource("4_17jhl")
traffic_dir = Array[int]([2, 1])
lanes = Array[int]([5, 5])
shoulder_width_l = 0.0
shoulder_width_r = 0.0
gutter_profile = Vector2(1, -0.5)
prior_pt_init = NodePath("../RP_011")
next_pt_init = NodePath("../RP_009")
prior_mag = 22.4384
next_mag = 18.99

[node name="RP_011" type="Node3D" parent="RoadManager/Road_001"]
transform = Transform3D(-0.935708, -0.141736, -0.32305, -0.126844, 0.98967, -0.066811, 0.329182, -0.0215387, -0.944021, 145.741, 57.3517, -57.6684)
script = ExtResource("4_17jhl")
traffic_dir = Array[int]([2, 1])
lanes = Array[int]([5, 5])
shoulder_width_l = 0.0
shoulder_width_r = 0.0
gutter_profile = Vector2(1, -0.5)
prior_pt_init = NodePath("../RP_012")
next_pt_init = NodePath("../RP_010")
prior_mag = 22.0822
next_mag = 22.4384

[node name="RP_012" type="Node3D" parent="RoadManager/Road_001"]
transform = Transform3D(-0.969561, -0.0561296, -0.238329, -0.042398, 0.997153, -0.0623602, 0.241151, -0.0503574, -0.96918, 154.303, 59.1742, -14.5614)
script = ExtResource("4_17jhl")
traffic_dir = Array[int]([2, 1])
lanes = Array[int]([5, 5])
shoulder_width_l = 0.0
shoulder_width_r = 0.0
gutter_profile = Vector2(1, -0.5)
prior_pt_init = NodePath("../RP_013")
next_pt_init = NodePath("../RP_011")
prior_mag = 28.984
next_mag = 22.0822

[node name="RP_013" type="Node3D" parent="RoadManager/Road_001"]
transform = Transform3D(-0.966151, -0.0300983, -0.256215, -0.0249589, 0.999417, -0.0232878, 0.256766, -0.0161041, -0.966339, 169.97, 62.0563, 41.1155)
script = ExtResource("4_17jhl")
traffic_dir = Array[int]([2, 1])
lanes = Array[int]([5, 5])
shoulder_width_l = 0.0
shoulder_width_r = 0.0
gutter_profile = Vector2(1, -0.5)
prior_pt_init = NodePath("../RP_014")
next_pt_init = NodePath("../RP_012")
prior_mag = 6.26244
next_mag = 28.984

[node name="RP_014" type="Node3D" parent="RoadManager/Road_001"]
transform = Transform3D(-0.981396, 0.0169386, -0.191245, -0.00320796, 0.994515, 0.104546, 0.191967, 0.103215, -0.975959, 176.609, 64.5902, 78.0077)
script = ExtResource("4_17jhl")
traffic_dir = Array[int]([2, 1])
lanes = Array[int]([5, 5])
shoulder_width_l = 0.0
shoulder_width_r = 0.0
gutter_profile = Vector2(1, -0.5)
prior_pt_init = NodePath("../RP_015")
next_pt_init = NodePath("../RP_013")
prior_mag = 29.3023
next_mag = 18.6785

[node name="RP_015" type="Node3D" parent="RoadManager/Road_001"]
transform = Transform3D(-0.873891, -0.0559165, -0.482894, -0.0104284, 0.99529, -0.096377, 0.486009, -0.0791871, -0.870359, 188.364, 66.967, 116.902)
script = ExtResource("4_17jhl")
traffic_dir = Array[int]([2, 1])
lanes = Array[int]([5, 5])
shoulder_width_l = 0.0
shoulder_width_r = 0.0
gutter_profile = Vector2(1, -0.5)
prior_pt_init = NodePath("../RP_016")
next_pt_init = NodePath("../RP_014")
prior_mag = 16.0
next_mag = 16.971

[node name="RP_016" type="Node3D" parent="RoadManager/Road_001"]
transform = Transform3D(-0.827081, -0.0235376, -0.56159, 0, 0.999123, -0.0418756, 0.562083, -0.0346345, -0.826355, 202.169, 67.7924, 141.641)
script = ExtResource("4_17jhl")
traffic_dir = Array[int]([2, 1])
lanes = Array[int]([5, 5])
shoulder_width_l = 0.0
shoulder_width_r = 0.0
gutter_profile = Vector2(1, -0.5)
prior_pt_init = NodePath("../RP_017")
next_pt_init = NodePath("../RP_015")
prior_mag = 20.3404
next_mag = 16.0

[node name="RP_017" type="Node3D" parent="RoadManager/Road_001"]
transform = Transform3D(-0.63552, 0.0950693, -0.766209, 0.173443, 0.984605, -0.0216924, 0.752351, -0.14668, -0.642226, 229.247, 68.3484, 168.344)
script = ExtResource("4_17jhl")
traffic_dir = Array[int]([2, 1])
lanes = Array[int]([5, 5])
shoulder_width_l = 0.0
shoulder_width_r = 0.0
gutter_profile = Vector2(1, -0.5)
prior_pt_init = NodePath("../RP_018")
next_pt_init = NodePath("../RP_016")
prior_mag = 16.0
next_mag = 20.3404

[node name="RP_018" type="Node3D" parent="RoadManager/Road_001"]
transform = Transform3D(-0.70978, -0.0687397, -0.701062, -3.91507e-09, 0.995227, -0.0975829, 0.704424, -0.0692624, -0.706392, 250.955, 71.4756, 190.23)
script = ExtResource("4_17jhl")
traffic_dir = Array[int]([2, 1])
lanes = Array[int]([5, 5])
shoulder_width_l = 0.0
shoulder_width_r = 0.0
gutter_profile = Vector2(1, -0.5)
prior_pt_init = NodePath("../RP_020")
next_pt_init = NodePath("../RP_017")
prior_mag = 16.4303
next_mag = 16.0

[node name="RP_020" type="Node3D" parent="RoadManager/Road_001"]
transform = Transform3D(-0.772734, 0, -0.63473, 0, 1, 0, 0.63473, 0, -0.772734, 272.211, 71.6209, 213.701)
script = ExtResource("4_17jhl")
traffic_dir = Array[int]([2, 1])
lanes = Array[int]([5, 5])
shoulder_width_l = 0.0
shoulder_width_r = 0.0
gutter_profile = Vector2(1, -0.5)
next_pt_init = NodePath("../RP_018")
prior_mag = 16.4303
next_mag = 15.5716

[node name="RP_019" type="Node3D" parent="RoadManager/Road_001"]
transform = Transform3D(0.463685, 0.0352359, -0.885299, -0.0189107, 0.999375, 0.0298716, 0.885798, 0.00289061, 0.464061, -24.1087, 21.6848, -516.291)
script = ExtResource("4_17jhl")
traffic_dir = Array[int]([2, 1])
lanes = Array[int]([5, 5])
shoulder_width_l = 0.0
shoulder_width_r = 0.0
gutter_profile = Vector2(1, -0.5)
prior_pt_init = NodePath("../RP_001")
prior_mag = 33.8154
next_mag = 33.8154

[node name="Road_002" type="Node3D" parent="RoadManager"]
script = ExtResource("2_2g1u2")
material_resource = ExtResource("3_o4j5r")
use_lowpoly_preview = true
edge_containers = Array[NodePath]([NodePath(""), NodePath("")])
edge_rp_targets = Array[NodePath]([NodePath(""), NodePath("")])
edge_rp_target_dirs = Array[int]([-1, -1])
edge_rp_locals = Array[NodePath]([NodePath("RP_001"), NodePath("RP_006")])
edge_rp_local_dirs = Array[int]([0, 1])

[node name="RP_001" type="Node3D" parent="RoadManager/Road_002"]
transform = Transform3D(-0.1632, 0.0193804, 0.986403, 0, 0.999807, -0.0196438, -0.986593, -0.00320586, -0.163168, 31.871, 20.3499, -524.926)
script = ExtResource("4_17jhl")
traffic_dir = Array[int]([2, 1])
lanes = Array[int]([5, 5])
shoulder_width_l = 0.0
shoulder_width_r = 0.0
gutter_profile = Vector2(1, -0.5)
prior_pt_init = NodePath("../RP_002")
next_mag = 28.7183

[node name="RP_002" type="Node3D" parent="RoadManager/Road_002"]
transform = Transform3D(-0.163236, 0.0143697, 0.986482, -0.00190569, 0.999887, -0.0148803, -0.986585, -0.00430895, -0.163191, -24.7716, 21.7278, -515.557)
script = ExtResource("4_17jhl")
traffic_dir = Array[int]([2, 1])
lanes = Array[int]([5, 5])
shoulder_width_l = 0.0
shoulder_width_r = 0.0
gutter_profile = Vector2(1, -0.5)
prior_pt_init = NodePath("../RP_003")
next_pt_init = NodePath("../RP_001")
prior_mag = 42.5479
next_mag = 28.7183

[node name="RP_003" type="Node3D" parent="RoadManager/Road_002"]
transform = Transform3D(-0.217529, -0.0506808, 0.974737, -0.103254, 0.994242, 0.0286521, -0.970577, -0.0944127, -0.22151, -108.29, 21.6376, -499.225)
script = ExtResource("4_17jhl")
traffic_dir = Array[int]([2, 1])
lanes = Array[int]([5, 5])
shoulder_width_l = 0.0
shoulder_width_r = 0.0
gutter_profile = Vector2(1, -0.5)
prior_pt_init = NodePath("../RP_004")
next_pt_init = NodePath("../RP_002")
prior_mag = 91.3604
next_mag = 42.5479

[node name="RP_004" type="Node3D" parent="RoadManager/Road_002"]
transform = Transform3D(-0.206476, -0.0228634, 0.978184, -0.0211738, 0.999597, 0.0188945, -0.978222, -0.0168106, -0.206877, -286.745, 17.9668, -460.091)
script = ExtResource("4_17jhl")
traffic_dir = Array[int]([2, 1])
lanes = Array[int]([5, 5])
shoulder_width_l = 0.0
shoulder_width_r = 0.0
gutter_profile = Vector2(1, -0.5)
prior_pt_init = NodePath("../RP_005")
next_pt_init = NodePath("../RP_003")
prior_mag = 61.1071
next_mag = 91.3604

[node name="RP_005" type="Node3D" parent="RoadManager/Road_002"]
transform = Transform3D(-0.222468, -0.00296053, 0.974935, -0.0232187, 0.999728, -0.00226241, -0.974663, -0.0231401, -0.222476, -406.095, 17.2748, -433.866)
script = ExtResource("4_17jhl")
traffic_dir = Array[int]([2, 1])
lanes = Array[int]([5, 5])
shoulder_width_l = 0.0
shoulder_width_r = 0.0
gutter_profile = Vector2(1, -0.5)
prior_pt_init = NodePath("../RP_006")
next_pt_init = NodePath("../RP_004")
prior_mag = 32.6368
next_mag = 61.1071

[node name="RP_006" type="Node3D" parent="RoadManager/Road_002"]
transform = Transform3D(0.0335844, 0.0877209, 0.995579, 0.00174146, 0.996134, -0.0878285, -0.999434, 0.00468343, 0.0333018, -471.01, 20.7655, -427.711)
script = ExtResource("4_17jhl")
traffic_dir = Array[int]([2, 1])
lanes = Array[int]([5, 5])
shoulder_width_l = 0.0
shoulder_width_r = 0.0
gutter_profile = Vector2(1, -0.5)
next_pt_init = NodePath("../RP_005")
prior_mag = 32.6368
next_mag = 32.6368

[node name="Road_003" type="Node3D" parent="RoadManager"]
script = ExtResource("2_2g1u2")
material_resource = ExtResource("3_o4j5r")
use_lowpoly_preview = true
edge_containers = Array[NodePath]([NodePath(""), NodePath("")])
edge_rp_targets = Array[NodePath]([NodePath(""), NodePath("")])
edge_rp_target_dirs = Array[int]([-1, -1])
edge_rp_locals = Array[NodePath]([NodePath("RP_001"), NodePath("RP_013")])
edge_rp_local_dirs = Array[int]([0, 1])

[node name="RP_001" type="Node3D" parent="RoadManager/Road_003"]
transform = Transform3D(-0.980891, -0.00655292, -0.19445, 0, 0.999433, -0.0336806, 0.19456, -0.033037, -0.980334, -284.804, 18.0835, -456.26)
script = ExtResource("4_17jhl")
traffic_dir = Array[int]([2, 1])
lanes = Array[int]([5, 5])
shoulder_width_l = 0.0
shoulder_width_r = 0.0
gutter_profile = Vector2(1, -0.5)
prior_pt_init = NodePath("../RP_002")
next_mag = 16.0

[node name="RP_002" type="Node3D" parent="RoadManager/Road_003"]
transform = Transform3D(-0.980955, -0.00542334, -0.194159, 0, 0.99961, -0.0279216, 0.194234, -0.0273899, -0.980573, -278.001, 19.4069, -425.009)
script = ExtResource("4_17jhl")
traffic_dir = Array[int]([2, 1])
lanes = Array[int]([5, 5])
shoulder_width_l = 0.0
shoulder_width_r = 0.0
gutter_profile = Vector2(1, -0.5)
prior_pt_init = NodePath("../RP_003")
next_pt_init = NodePath("../RP_001")
prior_mag = 9.98687
next_mag = 16.0

[node name="RP_003" type="Node3D" parent="RoadManager/Road_003"]
transform = Transform3D(-0.967268, -0.018143, -0.253108, 0, 0.997441, -0.0714974, 0.253758, -0.0691572, -0.964792, -273.866, 20.8729, -405.913)
script = ExtResource("4_17jhl")
traffic_dir = Array[int]([2, 1])
lanes = Array[int]([5, 5])
shoulder_width_l = 0.0
shoulder_width_r = 0.0
gutter_profile = Vector2(1, -0.5)
prior_pt_init = NodePath("../RP_004")
next_pt_init = NodePath("../RP_002")
prior_mag = 21.9839
next_mag = 9.98687

[node name="RP_004" type="Node3D" parent="RoadManager/Road_003"]
transform = Transform3D(-0.979575, -0.00421106, -0.201034, 0, 0.999781, -0.0209424, 0.201078, -0.0205147, -0.97936, -264.217, 23.4109, -362.781)
script = ExtResource("4_17jhl")
traffic_dir = Array[int]([2, 1])
lanes = Array[int]([5, 5])
shoulder_width_l = 0.0
shoulder_width_r = 0.0
gutter_profile = Vector2(1, -0.5)
prior_pt_init = NodePath("../RP_005")
next_pt_init = NodePath("../RP_003")
prior_mag = 18.7537
next_mag = 21.9839

[node name="RP_005" type="Node3D" parent="RoadManager/Road_003"]
transform = Transform3D(-0.976672, -0.0101154, -0.214497, 0, 0.99889, -0.0471064, 0.214735, -0.0460076, -0.975588, -256.37, 25.5009, -326.763)
script = ExtResource("4_17jhl")
traffic_dir = Array[int]([2, 1])
lanes = Array[int]([5, 5])
shoulder_width_l = 0.0
shoulder_width_r = 0.0
gutter_profile = Vector2(1, -0.5)
prior_pt_init = NodePath("../RP_006")
next_pt_init = NodePath("../RP_004")
prior_mag = 26.9467
next_mag = 18.7537

[node name="RP_006" type="Node3D" parent="RoadManager/Road_003"]
transform = Transform3D(-0.979148, -0.0484572, -0.197282, 0, 0.971134, -0.238533, 0.203146, -0.23356, -0.950885, -244.609, 30.9712, -274.055)
script = ExtResource("4_17jhl")
traffic_dir = Array[int]([2, 1])
lanes = Array[int]([5, 5])
shoulder_width_l = 0.0
shoulder_width_r = 0.0
gutter_profile = Vector2(1, -0.5)
prior_pt_init = NodePath("../RP_007")
next_pt_init = NodePath("../RP_005")
prior_mag = 22.9434
next_mag = 26.9467

[node name="RP_007" type="Node3D" parent="RoadManager/Road_003"]
transform = Transform3D(-0.970716, -0.0384079, -0.237138, 0, 0.987136, -0.159881, 0.240228, -0.155199, -0.958229, -233.613, 33.6649, -229.955)
script = ExtResource("4_17jhl")
traffic_dir = Array[int]([2, 1])
lanes = Array[int]([5, 5])
shoulder_width_l = 0.0
shoulder_width_r = 0.0
gutter_profile = Vector2(1, -0.5)
prior_pt_init = NodePath("../RP_008")
next_pt_init = NodePath("../RP_006")
prior_mag = 19.9542
next_mag = 22.9434

[node name="RP_008" type="Node3D" parent="RoadManager/Road_003"]
transform = Transform3D(-0.976672, -0.000749566, -0.214734, 0, 0.999994, -0.00349065, 0.214735, -0.00340922, -0.976666, -225.745, 37.3441, -190.753)
script = ExtResource("4_17jhl")
traffic_dir = Array[int]([2, 1])
lanes = Array[int]([5, 5])
shoulder_width_l = 0.0
shoulder_width_r = 0.0
gutter_profile = Vector2(1, -0.5)
prior_pt_init = NodePath("../RP_009")
next_pt_init = NodePath("../RP_007")
prior_mag = 41.0729
next_mag = 19.9542

[node name="RP_009" type="Node3D" parent="RoadManager/Road_003"]
transform = Transform3D(-0.977783, -0.0117012, -0.209292, 0, 0.998441, -0.0558215, 0.209619, -0.0545813, -0.976259, -205.867, 38.9675, -110.689)
script = ExtResource("4_17jhl")
traffic_dir = Array[int]([2, 1])
lanes = Array[int]([5, 5])
shoulder_width_l = 0.0
shoulder_width_r = 0.0
gutter_profile = Vector2(1, -0.5)
prior_pt_init = NodePath("../RP_010")
next_pt_init = NodePath("../RP_008")
prior_mag = 43.5588
next_mag = 41.0729

[node name="RP_010" type="Node3D" parent="RoadManager/Road_003"]
transform = Transform3D(-0.981959, -0.00989649, -0.188836, 0, 0.99863, -0.052336, 0.189095, -0.0513918, -0.980613, -185.901, 48.8887, -27.173)
script = ExtResource("4_17jhl")
traffic_dir = Array[int]([2, 1])
lanes = Array[int]([5, 5])
shoulder_width_l = 0.0
shoulder_width_r = 0.0
gutter_profile = Vector2(1, -0.5)
prior_pt_init = NodePath("../RP_011")
next_pt_init = NodePath("../RP_009")
prior_mag = 56.3553
next_mag = 43.5588

[node name="RP_011" type="Node3D" parent="RoadManager/Road_003"]
transform = Transform3D(-0.968148, -0.0039328, -0.250349, 0, 0.999877, -0.0157073, 0.25038, -0.015207, -0.968028, -159.428, 49.8549, 82.9387)
script = ExtResource("4_17jhl")
traffic_dir = Array[int]([2, 1])
lanes = Array[int]([5, 5])
shoulder_width_l = 0.0
shoulder_width_r = 0.0
gutter_profile = Vector2(1, -0.5)
prior_pt_init = NodePath("../RP_012")
next_pt_init = NodePath("../RP_010")
prior_mag = 43.3659
next_mag = 54.2811

[node name="RP_012" type="Node3D" parent="RoadManager/Road_003"]
transform = Transform3D(-0.956871, -0.0855927, -0.277617, -0.0804863, 0.996311, -0.0297603, 0.27914, -0.00613239, -0.960231, -139.914, 54.4103, 167.281)
script = ExtResource("4_17jhl")
traffic_dir = Array[int]([2, 1])
lanes = Array[int]([5, 5])
shoulder_width_l = 0.0
shoulder_width_r = 0.0
gutter_profile = Vector2(1, -0.5)
prior_pt_init = NodePath("../RP_013")
next_pt_init = NodePath("../RP_011")
prior_mag = 35.6795
next_mag = 43.3659

[node name="RP_013" type="Node3D" parent="RoadManager/Road_003"]
transform = Transform3D(-0.94088, 0.00945812, -0.338606, 0, 0.99961, 0.0279216, 0.338738, 0.0262709, -0.940514, -124.138, 54.6668, 236.444)
script = ExtResource("4_17jhl")
traffic_dir = Array[int]([2, 1])
lanes = Array[int]([5, 5])
shoulder_width_l = 0.0
shoulder_width_r = 0.0
gutter_profile = Vector2(1, -0.5)
next_pt_init = NodePath("../RP_012")
prior_mag = 35.6795
next_mag = 35.6795

[node name="Road_004" type="Node3D" parent="RoadManager"]
script = ExtResource("2_2g1u2")
material_resource = ExtResource("3_o4j5r")
use_lowpoly_preview = true
edge_containers = Array[NodePath]([NodePath(""), NodePath("")])
edge_rp_targets = Array[NodePath]([NodePath(""), NodePath("")])
edge_rp_target_dirs = Array[int]([-1, -1])
edge_rp_locals = Array[NodePath]([NodePath("RP_001"), NodePath("RP_017")])
edge_rp_local_dirs = Array[int]([0, 1])

[node name="RP_001" type="Node3D" parent="RoadManager/Road_004"]
transform = Transform3D(0.228289, -0.0191149, -0.973406, 0, 0.999807, -0.0196333, 0.973593, 0.00448207, 0.228245, -136.387, 54.2027, 165.895)
script = ExtResource("4_17jhl")
traffic_dir = Array[int]([2, 1])
lanes = Array[int]([5, 5])
shoulder_width_l = 0.0
shoulder_width_r = 0.0
gutter_profile = Vector2(1, -0.5)
prior_pt_init = NodePath("../RP_002")
next_mag = 16.0

[node name="RP_002" type="Node3D" parent="RoadManager/Road_004"]
transform = Transform3D(0.226651, 0.00339981, -0.97397, 0, 0.999994, 0.00349065, 0.973976, -0.000791161, 0.22665, -117.91, 55.7809, 162.218)
script = ExtResource("4_17jhl")
traffic_dir = Array[int]([2, 1])
lanes = Array[int]([5, 5])
shoulder_width_l = 0.0
shoulder_width_r = 0.0
gutter_profile = Vector2(1, -0.5)
prior_pt_init = NodePath("../RP_003")
next_pt_init = NodePath("../RP_001")
prior_mag = 9.13249
next_mag = 16.0

[node name="RP_003" type="Node3D" parent="RoadManager/Road_004"]
transform = Transform3D(0.231748, 0.0644697, -0.970637, 0, 0.997801, 0.0662739, 0.972776, -0.0153588, 0.231238, -100.301, 55.6449, 157.986)
script = ExtResource("4_17jhl")
traffic_dir = Array[int]([2, 1])
lanes = Array[int]([5, 5])
shoulder_width_l = 0.0
shoulder_width_r = 0.0
gutter_profile = Vector2(1, -0.5)
prior_pt_init = NodePath("../RP_004")
next_pt_init = NodePath("../RP_002")
prior_mag = 8.74798
next_mag = 9.13249

[node name="RP_004" type="Node3D" parent="RoadManager/Road_004"]
transform = Transform3D(0.337095, -0.00164318, -0.941469, 0, 0.999998, -0.00174533, 0.94147, 0.000588342, 0.337095, -83.5411, 55.5858, 152.967)
script = ExtResource("4_17jhl")
traffic_dir = Array[int]([2, 1])
lanes = Array[int]([5, 5])
shoulder_width_l = 0.0
shoulder_width_r = 0.0
gutter_profile = Vector2(1, -0.5)
prior_pt_init = NodePath("../RP_005")
next_pt_init = NodePath("../RP_003")
prior_mag = 8.0
next_mag = 8.74798

[node name="RP_005" type="Node3D" parent="RoadManager/Road_004"]
transform = Transform3D(-0.00174539, -0.0453629, -0.998969, 0, 0.99897, -0.045363, 0.999998, -7.91759e-05, -0.00174359, -68.9088, 56.4245, 150.295)
script = ExtResource("4_17jhl")
traffic_dir = Array[int]([2, 1])
lanes = Array[int]([5, 5])
shoulder_width_l = 0.0
shoulder_width_r = 0.0
gutter_profile = Vector2(1, -0.5)
prior_pt_init = NodePath("../RP_006")
next_pt_init = NodePath("../RP_004")
prior_mag = 10.1595
next_mag = 8.0

[node name="RP_006" type="Node3D" parent="RoadManager/Road_004"]
transform = Transform3D(-0.101056, -0.0572693, -0.993231, 0, 0.998342, -0.057564, 0.994881, -0.00581721, -0.100889, -48.6817, 57.971, 151.373)
script = ExtResource("4_17jhl")
traffic_dir = Array[int]([2, 1])
lanes = Array[int]([5, 5])
shoulder_width_l = 0.0
shoulder_width_r = 0.0
gutter_profile = Vector2(1, -0.5)
prior_pt_init = NodePath("../RP_007")
next_pt_init = NodePath("../RP_005")
prior_mag = 14.6083
next_mag = 10.1595

[node name="RP_007" type="Node3D" parent="RoadManager/Road_004"]
transform = Transform3D(-0.401948, -0.0590898, -0.913754, 0, 0.997916, -0.0645323, 0.915663, -0.0259386, -0.40111, -21.8889, 59.8572, 162.972)
script = ExtResource("4_17jhl")
traffic_dir = Array[int]([2, 1])
lanes = Array[int]([5, 5])
shoulder_width_l = 0.0
shoulder_width_r = 0.0
gutter_profile = Vector2(1, -0.5)
prior_pt_init = NodePath("../RP_008")
next_pt_init = NodePath("../RP_006")
prior_mag = 13.5639
next_mag = 14.6083

[node name="RP_008" type="Node3D" parent="RoadManager/Road_004"]
transform = Transform3D(-0.105795, -0.0292486, -0.993958, 0.00997078, 0.999486, -0.0304726, 0.994338, -0.0131344, -0.105449, 5.0911, 61.2201, 167.812)
script = ExtResource("4_17jhl")
traffic_dir = Array[int]([2, 1])
lanes = Array[int]([5, 5])
shoulder_width_l = 0.0
shoulder_width_r = 0.0
gutter_profile = Vector2(1, -0.5)
prior_pt_init = NodePath("../RP_009")
next_pt_init = NodePath("../RP_007")
prior_mag = 12.9346
next_mag = 13.5639

[node name="RP_009" type="Node3D" parent="RoadManager/Road_004"]
transform = Transform3D(0.364636, -0.0346709, -0.930504, 0.0132432, 0.999398, -0.0320483, 0.931056, -0.00063683, 0.364876, 30.4934, 61.4013, 164.261)
script = ExtResource("4_17jhl")
traffic_dir = Array[int]([2, 1])
lanes = Array[int]([5, 5])
shoulder_width_l = 0.0
shoulder_width_r = 0.0
gutter_profile = Vector2(1, -0.5)
prior_pt_init = NodePath("../RP_010")
next_pt_init = NodePath("../RP_008")
prior_mag = 11.6122
next_mag = 12.9346

[node name="RP_010" type="Node3D" parent="RoadManager/Road_004"]
transform = Transform3D(0.438371, -0.089268, -0.89435, 0, 0.995055, -0.0993197, 0.898794, 0.0435389, 0.436204, 52.9577, 62.3337, 156.254)
script = ExtResource("4_17jhl")
traffic_dir = Array[int]([2, 1])
lanes = Array[int]([5, 5])
shoulder_width_l = 0.0
shoulder_width_r = 0.0
gutter_profile = Vector2(1, -0.5)
prior_pt_init = NodePath("../RP_011")
next_pt_init = NodePath("../RP_009")
prior_mag = 8.22837
next_mag = 11.6122

[node name="RP_011" type="Node3D" parent="RoadManager/Road_004"]
transform = Transform3D(0.377129, -0.0889412, -0.92188, 0.0546676, 0.99578, -0.0737072, 0.924546, -0.0225999, 0.3804, 68.6705, 64.3012, 149.589)
script = ExtResource("4_17jhl")
traffic_dir = Array[int]([2, 1])
lanes = Array[int]([5, 5])
shoulder_width_l = 0.0
shoulder_width_r = 0.0
gutter_profile = Vector2(1, -0.5)
prior_pt_init = NodePath("../RP_012")
next_pt_init = NodePath("../RP_010")
prior_mag = 8.08014
next_mag = 8.22837

[node name="RP_012" type="Node3D" parent="RoadManager/Road_004"]
transform = Transform3D(0.723771, -0.0377823, -0.689004, -0.0240732, 0.996509, -0.0799325, 0.689619, 0.0744394, 0.720336, 83.0312, 64.9305, 142.249)
script = ExtResource("4_17jhl")
traffic_dir = Array[int]([2, 1])
lanes = Array[int]([5, 5])
shoulder_width_l = 0.0
shoulder_width_r = 0.0
gutter_profile = Vector2(1, -0.5)
prior_pt_init = NodePath("../RP_013")
next_pt_init = NodePath("../RP_011")
prior_mag = 13.2716
next_mag = 8.08014

[node name="RP_013" type="Node3D" parent="RoadManager/Road_004"]
transform = Transform3D(0.657375, -0.060435, -0.751136, 0, 0.996779, -0.0801989, 0.753563, 0.0527208, 0.655258, 102.139, 66.0211, 118.538)
script = ExtResource("4_17jhl")
traffic_dir = Array[int]([2, 1])
lanes = Array[int]([5, 5])
shoulder_width_l = 0.0
shoulder_width_r = 0.0
gutter_profile = Vector2(1, -0.5)
prior_pt_init = NodePath("../RP_014")
next_pt_init = NodePath("../RP_012")
prior_mag = 9.28132
next_mag = 13.2716

[node name="RP_014" type="Node3D" parent="RoadManager/Road_004"]
transform = Transform3D(0.429377, -0.00788116, -0.903091, -3.35012e-10, 0.999962, -0.00872653, 0.903126, 0.00374697, 0.42936, 115.167, 67.6435, 104.84)
script = ExtResource("4_17jhl")
traffic_dir = Array[int]([2, 1])
lanes = Array[int]([5, 5])
shoulder_width_l = 0.0
shoulder_width_r = 0.0
gutter_profile = Vector2(1, -0.5)
prior_pt_init = NodePath("../RP_015")
next_pt_init = NodePath("../RP_013")
prior_mag = 4.65695
next_mag = 7.46467

[node name="RP_015" type="Node3D" parent="RoadManager/Road_004"]
transform = Transform3D(0.290702, 0.0717406, -0.95412, 0, 0.997185, 0.0749787, 0.956813, -0.0217965, 0.289884, 128.519, 67.6244, 103.047)
script = ExtResource("4_17jhl")
traffic_dir = Array[int]([2, 1])
lanes = Array[int]([5, 5])
shoulder_width_l = 0.0
shoulder_width_r = 0.0
gutter_profile = Vector2(1, -0.5)
prior_pt_init = NodePath("../RP_016")
next_pt_init = NodePath("../RP_014")
prior_mag = 20.0941
next_mag = 16.3314

[node name="RP_016" type="Node3D" parent="RoadManager/Road_004"]
transform = Transform3D(0.300756, -0.00166452, -0.953699, 9.53889e-12, 0.999998, -0.00174533, 0.953701, 0.000524917, 0.300755, 167.735, 64.5794, 93.3235)
script = ExtResource("4_17jhl")
traffic_dir = Array[int]([2, 1])
lanes = Array[int]([5, 5])
shoulder_width_l = 0.0
shoulder_width_r = 0.0
gutter_profile = Vector2(1, -0.5)
prior_pt_init = NodePath("../RP_017")
next_pt_init = NodePath("../RP_015")
prior_mag = 8.3168
next_mag = 20.0941

[node name="RP_017" type="Node3D" parent="RoadManager/Road_004"]
transform = Transform3D(-0.104528, 0.0208277, -0.994304, 0, 0.99978, 0.0209424, 0.994522, 0.00218908, -0.104506, 183.994, 61.6798, 92.7389)
script = ExtResource("4_17jhl")
traffic_dir = Array[int]([2, 1])
lanes = Array[int]([5, 5])
shoulder_width_l = 0.0
shoulder_width_r = 0.0
gutter_profile = Vector2(1, -0.5)
next_pt_init = NodePath("../RP_016")
prior_mag = 8.3168
next_mag = 8.3168

[node name="Road_005" type="Node3D" parent="RoadManager"]
script = ExtResource("2_2g1u2")
material_resource = SubResource("StandardMaterial3D_cgamy")
use_lowpoly_preview = true
edge_containers = Array[NodePath]([NodePath(""), NodePath("")])
edge_rp_targets = Array[NodePath]([NodePath(""), NodePath("")])
edge_rp_target_dirs = Array[int]([-1, -1])
edge_rp_locals = Array[NodePath]([NodePath("RP_006"), NodePath("RP_020")])
edge_rp_local_dirs = Array[int]([0, 1])

[node name="RP_001" type="Node3D" parent="RoadManager/Road_005"]
transform = Transform3D(-0.303136, -0.0658448, 0.95067, 0.119469, 0.987113, 0.106463, -0.945429, 0.145848, -0.291363, 108.485, 66.6011, 108.6)
script = ExtResource("4_17jhl")
traffic_dir = Array[int]([2, 1])
lanes = Array[int]([5, 5])
lane_width = 0.3
shoulder_width_l = 0.5
shoulder_width_r = 0.5
prior_pt_init = NodePath("../RP_002")
next_pt_init = NodePath("../RP_006")
next_mag = 2.00677

[node name="RP_002" type="Node3D" parent="RoadManager/Road_005"]
transform = Transform3D(-0.287712, -0.156303, 0.944876, -0.168055, 0.979524, 0.110862, -0.942857, -0.126895, -0.308088, 92.7274, 65.2306, 111.103)
script = ExtResource("4_17jhl")
traffic_dir = Array[int]([2, 1])
lanes = Array[int]([5, 5])
lane_width = 0.3
shoulder_width_l = 0.5
shoulder_width_r = 0.5
prior_pt_init = NodePath("../RP_003")
next_pt_init = NodePath("../RP_001")
prior_mag = 8.0
next_mag = 16.0

[node name="RP_003" type="Node3D" parent="RoadManager/Road_005"]
transform = Transform3D(-0.0534433, -0.155936, 0.98632, -0.212575, 0.966868, 0.141342, -0.975682, -0.202113, -0.0848207, 77.8651, 63.7903, 114.088)
script = ExtResource("4_17jhl")
traffic_dir = Array[int]([2, 1])
lanes = Array[int]([5, 5])
lane_width = 0.3
shoulder_width_l = 0.5
shoulder_width_r = 0.5
prior_pt_init = NodePath("../RP_004")
next_pt_init = NodePath("../RP_002")
prior_mag = 8.10848
next_mag = 8.0

[node name="RP_004" type="Node3D" parent="RoadManager/Road_005"]
transform = Transform3D(0.125024, -0.00865725, 0.992116, -0.0624796, 0.997908, 0.0165813, -0.990184, -0.0640601, 0.124222, 61.6733, 63.0059, 113.719)
script = ExtResource("4_17jhl")
traffic_dir = Array[int]([2, 1])
lanes = Array[int]([5, 5])
lane_width = 0.3
shoulder_width_l = 0.5
shoulder_width_r = 0.5
prior_pt_init = NodePath("../RP_005")
next_pt_init = NodePath("../RP_003")
prior_mag = 2.33005
next_mag = 8.10848

[node name="RP_005" type="Node3D" parent="RoadManager/Road_005"]
transform = Transform3D(0.571975, 0.0221869, 0.819971, -0.0624796, 0.997908, 0.0165813, -0.817888, -0.0607156, 0.572165, 55.8, 62.2834, 109.118)
script = ExtResource("4_17jhl")
traffic_dir = Array[int]([2, 1])
lanes = Array[int]([5, 5])
lane_width = 0.3
shoulder_width_l = 0.5
shoulder_width_r = 0.5
prior_pt_init = NodePath("../RP_007")
next_pt_init = NodePath("../RP_004")
prior_mag = 6.18055
next_mag = 2.33005

[node name="RP_006" type="Node3D" parent="RoadManager/Road_005"]
transform = Transform3D(-0.303136, -0.0658448, 0.95067, 0, 0.99761, 0.069096, -0.952947, 0.0209455, -0.302411, 105.341, 65.8998, 107.135)
script = ExtResource("4_17jhl")
traffic_dir = Array[int]([2, 1])
lanes = Array[int]([5, 5])
lane_width = 0.3
shoulder_width_l = 0.5
shoulder_width_r = 0.5
prior_pt_init = NodePath("../RP_001")
prior_mag = 2.00677
next_mag = 2.00677

[node name="RP_007" type="Node3D" parent="RoadManager/Road_005"]
transform = Transform3D(0.995659, -0.022384, 0.0903508, 0.00849276, 0.988452, 0.151293, -0.0926939, -0.149869, 0.984351, 53.7906, 61.2844, 96.9831)
script = ExtResource("4_17jhl")
traffic_dir = Array[int]([2, 1])
lanes = Array[int]([5, 5])
lane_width = 0.3
shoulder_width_l = 0.5
shoulder_width_r = 0.5
prior_pt_init = NodePath("../RP_008")
next_pt_init = NodePath("../RP_005")
prior_mag = 3.47821
next_mag = 6.18055

[node name="RP_008" type="Node3D" parent="RoadManager/Road_005"]
transform = Transform3D(0.993715, 0.0758024, 0.0823693, -0.0772909, 0.996895, 0.0150313, -0.0809744, -0.0213031, 0.996489, 51.9185, 61.1875, 90.286)
script = ExtResource("4_17jhl")
traffic_dir = Array[int]([2, 1])
lanes = Array[int]([5, 5])
lane_width = 0.3
shoulder_width_l = 0.5
shoulder_width_r = 0.5
prior_pt_init = NodePath("../RP_009")
next_pt_init = NodePath("../RP_007")
prior_mag = 1.6433
next_mag = 3.47821

[node name="RP_009" type="Node3D" parent="RoadManager/Road_005"]
transform = Transform3D(0.974969, 0.116349, -0.189468, -0.0711329, 0.970591, 0.229983, 0.210654, -0.210748, 0.954573, 51.5037, 61.1609, 87.0399)
script = ExtResource("4_17jhl")
traffic_dir = Array[int]([2, 1])
lanes = Array[int]([5, 5])
lane_width = 0.3
shoulder_width_l = 0.5
shoulder_width_r = 0.5
prior_pt_init = NodePath("../RP_010")
next_pt_init = NodePath("../RP_008")
prior_mag = 4.02209
next_mag = 1.6433

[node name="RP_010" type="Node3D" parent="RoadManager/Road_005"]
transform = Transform3D(0.971093, 0.100516, 0.216507, -0.0835226, 0.992764, -0.0862782, -0.223613, 0.065701, 0.972461, 49.6267, 61.1766, 79.2097)
script = ExtResource("4_17jhl")
traffic_dir = Array[int]([2, 1])
lanes = Array[int]([5, 5])
lane_width = 0.3
shoulder_width_l = 0.5
shoulder_width_r = 0.5
prior_pt_init = NodePath("../RP_011")
next_pt_init = NodePath("../RP_009")
prior_mag = 3.94681
next_mag = 4.02209

[node name="RP_011" type="Node3D" parent="RoadManager/Road_005"]
transform = Transform3D(0.943625, 0.0333099, 0.329335, -0.0567114, 0.996482, 0.0617053, -0.326122, -0.0769031, 0.942195, 48.6278, 60.9875, 71.419)
script = ExtResource("4_17jhl")
traffic_dir = Array[int]([2, 1])
lanes = Array[int]([5, 5])
lane_width = 0.3
shoulder_width_l = 0.5
shoulder_width_r = 0.5
prior_pt_init = NodePath("../RP_012")
next_pt_init = NodePath("../RP_010")
prior_mag = 6.97703
next_mag = 3.94681

[node name="RP_012" type="Node3D" parent="RoadManager/Road_005"]
transform = Transform3D(0.97803, -0.0935051, 0.186316, 0.0937926, 0.995565, 0.007291, -0.186171, 0.0103442, 0.982463, 45.798, 59.9573, 58.09)
script = ExtResource("4_17jhl")
traffic_dir = Array[int]([2, 1])
lanes = Array[int]([5, 5])
lane_width = 0.3
shoulder_width_l = 0.5
shoulder_width_r = 0.5
prior_pt_init = NodePath("../RP_013")
next_pt_init = NodePath("../RP_011")
prior_mag = 3.73875
next_mag = 6.97703

[node name="RP_013" type="Node3D" parent="RoadManager/Road_005"]
transform = Transform3D(0.980506, -0.15301, 0.123266, 0.14181, 0.985319, 0.0950612, -0.136001, -0.0757279, 0.98781, 44.0964, 59.5705, 50.6297)
script = ExtResource("4_17jhl")
traffic_dir = Array[int]([2, 1])
lanes = Array[int]([5, 5])
lane_width = 0.3
shoulder_width_l = 0.5
shoulder_width_r = 0.5
prior_pt_init = NodePath("../RP_014")
next_pt_init = NodePath("../RP_012")
prior_mag = 6.79677
next_mag = 3.73875

[node name="RP_014" type="Node3D" parent="RoadManager/Road_005"]
transform = Transform3D(0.978127, -0.065174, 0.197532, 0.0642659, 0.997872, 0.0110122, -0.197829, 0.00192273, 0.980235, 41.1563, 59.5992, 37.3552)
script = ExtResource("4_17jhl")
traffic_dir = Array[int]([2, 1])
lanes = Array[int]([5, 5])
lane_width = 0.3
shoulder_width_l = 0.5
shoulder_width_r = 0.5
prior_pt_init = NodePath("../RP_015")
next_pt_init = NodePath("../RP_013")
prior_mag = 6.66046
next_mag = 6.79677

[node name="RP_015" type="Node3D" parent="RoadManager/Road_005"]
transform = Transform3D(0.962549, -0.0923081, 0.254906, 0.0670705, 0.992102, 0.106001, -0.262678, -0.0849344, 0.961138, 38.1593, 59.0021, 24.3855)
script = ExtResource("4_17jhl")
traffic_dir = Array[int]([2, 1])
lanes = Array[int]([5, 5])
lane_width = 0.3
shoulder_width_l = 0.5
shoulder_width_r = 0.5
prior_pt_init = NodePath("../RP_016")
next_pt_init = NodePath("../RP_014")
prior_mag = 10.4936
next_mag = 6.66046

[node name="RP_016" type="Node3D" parent="RoadManager/Road_005"]
transform = Transform3D(0.797879, 0.0111144, 0.602715, -0.00586923, 0.999926, -0.0106695, -0.602789, 0.00497549, 0.797885, 32.2148, 57.5684, 4.30543)
script = ExtResource("4_17jhl")
traffic_dir = Array[int]([2, 1])
lanes = Array[int]([5, 5])
lane_width = 0.3
shoulder_width_l = 0.5
shoulder_width_r = 0.5
prior_pt_init = NodePath("../RP_017")
next_pt_init = NodePath("../RP_015")
prior_mag = 7.33741
next_mag = 10.4936

[node name="RP_017" type="Node3D" parent="RoadManager/Road_005"]
transform = Transform3D(0.988303, -0.0727634, 0.134024, 0.0391127, 0.970376, 0.23841, -0.147401, -0.230379, 0.961872, 26.7024, 56.2507, -9.22833)
script = ExtResource("4_17jhl")
traffic_dir = Array[int]([2, 1])
lanes = Array[int]([5, 5])
lane_width = 0.3
shoulder_width_l = 0.5
shoulder_width_r = 0.5
prior_pt_init = NodePath("../RP_018")
next_pt_init = NodePath("../RP_016")
prior_mag = 7.12407
next_mag = 7.33741

[node name="RP_018" type="Node3D" parent="RoadManager/Road_005"]
transform = Transform3D(0.951863, -0.00708043, 0.30644, 0.00793158, 0.999967, -0.00153237, -0.306419, 0.00388916, 0.951888, 23.498, 55.062, -23.0557)
script = ExtResource("4_17jhl")
traffic_dir = Array[int]([2, 1])
lanes = Array[int]([5, 5])
lane_width = 0.3
shoulder_width_l = 0.5
shoulder_width_r = 0.5
prior_pt_init = NodePath("../RP_019")
next_pt_init = NodePath("../RP_017")
prior_mag = 12.6483
next_mag = 7.12407

[node name="RP_019" type="Node3D" parent="RoadManager/Road_005"]
transform = Transform3D(0.969748, -0.0628349, 0.235879, 0.0172628, 0.981536, 0.190497, -0.243493, -0.180662, 0.952928, 16.5881, 53.1444, -47.3159)
script = ExtResource("4_17jhl")
traffic_dir = Array[int]([2, 1])
lanes = Array[int]([5, 5])
lane_width = 0.3
shoulder_width_l = 0.5
shoulder_width_r = 0.5
prior_pt_init = NodePath("../RP_020")
next_pt_init = NodePath("../RP_018")
prior_mag = 2.68179
next_mag = 12.6483

[node name="RP_020" type="Node3D" parent="RoadManager/Road_005"]
transform = Transform3D(0.518781, -0.109799, 0.847826, -0.065528, 0.983693, 0.167491, -0.852391, -0.142448, 0.503127, 13.2781, 52.606, -54.9037)
script = ExtResource("4_17jhl")
traffic_dir = Array[int]([2, 1])
lanes = Array[int]([5, 5])
lane_width = 0.3
shoulder_width_l = 0.5
shoulder_width_r = 0.5
next_pt_init = NodePath("../RP_019")
prior_mag = 2.24429
next_mag = 2.68179

